x Distance [mm]	Height [cm]
 -1.725 	 3.629 
 -1.540 	 3.637 
 -1.350 	 3.663 
 -1.160 	 3.697 
 -0.975 	 3.733 
 -0.785 	 3.781 
 -0.600 	 3.801 
 -0.410 	 1.774 
 -0.220 	 1.678 
 -0.035 	 1.880 
 0.155 	 1.896 
 0.340 	 1.904 
 0.530 	 1.904 
 0.720 	 1.904 
 0.905 	 1.874 
 1.095 	 1.870 
 1.280 	 1.829 
 1.470 	 1.774 
 1.660 	 1.786 
 1.845 	 1.808 
 2.035 	 1.836 
 2.220 	 1.846 
 2.410 	 1.846 
 2.600 	 1.825 
 2.785 	 1.846 
 2.975 	 1.834 
 3.160 	 1.845 
 3.350 	 1.817 
 3.540 	 1.773 
 3.725 	 1.568 
 3.915 	 1.527 
 4.100 	 1.348 
 4.290 	 1.352 
 4.480 	 1.421 
 4.665 	 1.446 
 4.855 	 1.550 
 5.040 	 1.624 
 5.230 	 1.687 
 5.420 	 1.744 
 5.605 	 1.814 
 5.795 	 2.033 
 5.980 	 2.329 
 6.170 	 2.418 
 6.360 	 2.149 
 6.545 	 2.161 
 6.735 	 1.730 
 6.920 	 1.800 
 7.110 	 1.723 
 7.300 	 2.206 
 7.485 	 2.417 
 7.675 	 2.562 
 7.860 	 2.517 
 8.050 	 2.505 
 8.240 	 2.358 
 8.425 	 2.215 
 8.615 	 5.769 
 8.800 	 5.838 
 8.990 	 5.871 
 9.180 	 5.899 
 9.365 	 5.922 
 9.555 	 5.981 
 9.740 	 6.026 
 9.930 	 6.221 
 10.120 	 7.827 
 10.305 	 9.581 
 10.495 	 9.619 
 10.680 	 9.619 
 10.870 	 9.614 
 11.060 	 9.614 
 11.245 	 9.614 
 11.435 	 9.619 
 11.620 	 9.619 
 11.810 	 9.619 
 12.000 	 9.619 
 12.185 	 9.619 
 12.375 	 9.616 
 12.560 	 9.624 
 12.750 	 9.618 
 12.940 	 9.614 
 13.125 	 9.619 
 13.315 	 9.619 
 13.500 	 9.619 
 13.690 	 9.619 
 13.880 	 9.619 
 14.065 	 9.619 
 14.255 	 9.614 
 14.440 	 9.614 
 14.630 	 9.614 
 14.820 	 9.615 
 15.005 	 9.619 
 15.195 	 9.619 
 15.380 	 9.614 
 15.570 	 9.615 
 15.760 	 9.618 
 15.945 	 9.615 
 16.135 	 9.619 
 16.320 	 9.623 
 16.510 	 9.614 
 16.700 	 9.614 
 16.885 	 9.620 
 17.075 	 9.623 
 17.260 	 9.615 
 17.450 	 9.619 
 17.640 	 9.619 
 17.825 	 9.614 
 18.015 	 9.615 
 18.200 	 9.619 
 18.390 	 9.614 
 18.580 	 9.615 
 18.765 	 9.619 
 18.955 	 9.618 
 19.140 	 9.614 
 19.330 	 9.619 
 19.520 	 9.618 
 19.705 	 9.614 
 19.895 	 9.615 
 20.080 	 9.619 
 20.270 	 9.614 
 20.460 	 9.615 
 20.645 	 9.619 
 20.835 	 9.614 
 21.020 	 9.615 
 21.210 	 9.619 
 21.400 	 9.619 
 21.585 	 9.614 
 21.775 	 9.615 
 21.960 	 9.619 
 22.150 	 9.619 
 22.340 	 9.619 
 22.525 	 9.619 
 22.715 	 9.620 
 22.900 	 9.623 
 23.090 	 9.463 
 23.280 	 8.087 
 23.465 	 8.179 
 23.655 	 8.251 
 23.840 	 8.269 
 24.030 	 8.303 
 24.220 	 8.312 
 24.405 	 8.337 
 24.595 	 8.347 
 24.780 	 8.365 
 24.970 	 8.384 
 25.160 	 8.411 
 25.345 	 8.445 
 25.535 	 8.153 
 25.720 	 4.836 
 25.910 	 4.844 
 26.100 	 4.846 
 26.285 	 4.853 
 26.475 	 4.851 
 26.660 	 4.869 
 26.850 	 4.874 
 27.040 	 4.879 
 27.225 	 4.893 
 27.415 	 4.889 
 27.600 	 4.881 
 27.790 	 4.884 
 27.980 	 4.874 
 28.165 	 4.878 
 28.355 	 4.878 
 28.540 	 4.896 
 28.730 	 4.908 
 28.920 	 4.913 
 29.105 	 4.916 
 29.295 	 4.912 
 29.480 	 4.912 
 29.670 	 4.912 
 29.860 	 4.914 
 30.045 	 4.922 
 30.235 	 4.928 
 30.420 	 4.932 
 30.610 	 4.941 
 30.800 	 4.937 
 30.985 	 4.941 
 31.175 	 4.941 
 31.360 	 4.942 
 31.550 	 4.946 
 31.740 	 4.948 
 31.925 	 4.956 
 32.115 	 4.954 
 32.300 	 4.946 
 32.490 	 4.943 
 32.680 	 4.947 
 32.865 	 4.956 
 33.055 	 4.957 
 33.240 	 4.961 
 33.430 	 4.960 
 33.620 	 4.947 
 33.805 	 4.952 
 33.995 	 4.971 
 34.180 	 4.978 
 34.370 	 4.994 
 34.560 	 4.989 
 34.745 	 4.979 
 34.935 	 4.976 
 35.120 	 4.976 
 35.310 	 4.977 
 35.500 	 4.983 
 35.685 	 4.976 
 35.875 	 4.980 
 36.060 	 4.991 
 36.250 	 4.995 
 36.440 	 4.994 
 36.625 	 4.991 
 36.815 	 4.995 
 37.000 	 4.995 
 37.190 	 4.992 
 37.380 	 4.987 
 37.565 	 4.994 
 37.755 	 5.000 
 37.940 	 5.001 
 38.130 	 5.005 
 38.320 	 5.003 
 38.505 	 4.994 
 38.695 	 4.993 
 38.880 	 5.003 
 39.070 	 5.010 
 39.260 	 5.009 
 39.445 	 5.006 
 39.635 	 5.008 
 39.820 	 5.003 
 40.010 	 5.009 
 40.200 	 5.002 
 40.385 	 4.996 
 40.575 	 5.002 
 40.760 	 5.010 
 40.950 	 5.010 
 41.140 	 5.010 
 41.325 	 5.013 
 41.515 	 5.011 
 41.700 	 5.016 
 41.890 	 5.020 
 42.080 	 5.022 
 42.265 	 5.029 
 42.455 	 5.024 
 42.640 	 5.024 
 42.830 	 5.026 
 43.020 	 5.029 
 43.205 	 5.028 
 43.395 	 5.019 
 43.580 	 4.994 
 43.770 	 4.991 
 43.960 	 4.995 
 44.145 	 5.004 
 44.335 	 5.002 
 44.520 	 5.008 
 44.710 	 5.005 
 44.900 	 4.997 
 45.085 	 4.990 
 45.275 	 4.987 
 45.460 	 4.979 
 45.650 	 4.975 
 45.840 	 4.971 
 46.025 	 4.971 
 46.215 	 4.973 
 46.400 	 4.967 
 46.590 	 4.971 
 46.780 	 4.970 
 46.965 	 4.967 
 47.155 	 4.972 
 47.340 	 4.975 
 47.530 	 4.973 
 47.720 	 4.981 
 47.905 	 4.985 
 48.095 	 4.985 
 48.280 	 4.982 
 48.470 	 4.979 
 48.660 	 4.988 
 48.845 	 4.994 
 49.035 	 4.995 
 49.220 	 5.007 
 49.410 	 4.999 
 49.600 	 4.994 
 49.785 	 4.992 
 49.975 	 5.012 
 50.160 	 5.020 
 50.350 	 5.017 
 50.540 	 5.012 
 50.725 	 5.017 
 50.915 	 5.011 
 51.100 	 5.016 
 51.290 	 5.021 
 51.480 	 5.024 
 51.665 	 5.027 
 51.855 	 5.037 
 52.040 	 5.042 
 52.230 	 5.030 
 52.420 	 5.013 
 52.605 	 5.006 
 52.795 	 5.018 
 52.980 	 5.028 
 53.170 	 5.051 
 53.360 	 5.058 
 53.545 	 5.052 
 53.735 	 5.047 
 53.920 	 5.039 
 54.110 	 5.039 
 54.300 	 5.041 
 54.485 	 5.044 
 54.675 	 5.047 
 54.860 	 5.038 
 55.050 	 5.039 
 55.240 	 5.056 
 55.425 	 5.067 
 55.615 	 5.072 
 55.800 	 5.063 
 55.990 	 5.052 
 56.180 	 5.052 
 56.365 	 5.059 
 56.555 	 5.057 
 56.740 	 5.050 
 56.930 	 5.039 
 57.120 	 5.034 
 57.305 	 5.013 
 57.495 	 4.998 
 57.680 	 4.987 
 57.870 	 4.979 
 58.060 	 4.977 
 58.245 	 4.984 
 58.435 	 4.993 
 58.620 	 5.003 
 58.810 	 5.010 
 59.000 	 5.006 
 59.185 	 5.000 
 59.375 	 5.002 
 59.560 	 5.007 
 59.750 	 5.001 
 59.940 	 5.005 
 60.125 	 5.007 
 60.315 	 5.010 
 60.500 	 5.008 
 60.690 	 5.009 
 60.880 	 5.021 
 61.065 	 5.026 
 61.255 	 5.029 
 61.440 	 5.025 
 61.630 	 5.016 
 61.820 	 5.020 
 62.005 	 5.018 
 62.195 	 5.015 
 62.380 	 5.020 
 62.570 	 5.031 
 62.760 	 5.034 
 62.945 	 5.032 
 63.135 	 5.029 
 63.320 	 5.033 
 63.510 	 5.033 
 63.700 	 5.025 
 63.885 	 5.033 
 64.075 	 5.029 
 64.260 	 5.031 
 64.450 	 5.034 
 64.640 	 5.035 
 64.825 	 5.039 
 65.015 	 5.038 
 65.200 	 5.034 
 65.390 	 5.034 
 65.580 	 5.030 
 65.765 	 5.028 
 65.955 	 5.036 
 66.140 	 5.042 
 66.330 	 5.048 
 66.520 	 5.047 
 66.705 	 5.057 
 66.895 	 5.063 
 67.080 	 5.062 
 67.270 	 5.059 
 67.460 	 5.057 
 67.645 	 5.053 
 67.835 	 5.049 
 68.020 	 5.050 
 68.210 	 5.057 
 68.400 	 5.067 
 68.585 	 5.071 
 68.775 	 5.071 
 68.960 	 5.076 
 69.150 	 5.075 
 69.340 	 5.078 
 69.525 	 5.078 
 69.715 	 5.081 
 69.900 	 5.088 
 70.090 	 5.088 
 70.280 	 5.088 
 70.465 	 5.088 
 70.655 	 5.089 
 70.840 	 5.093 
 71.030 	 5.093 
 71.220 	 5.088 
 71.405 	 5.103 
 71.595 	 5.107 
 71.780 	 5.107 
 71.970 	 5.103 
 72.160 	 5.103 
 72.345 	 5.103 
 72.535 	 5.098 
 72.720 	 5.103 
 72.910 	 5.107 
 73.100 	 5.113 
 73.285 	 5.121 
 73.475 	 5.127 
 73.660 	 5.127 
 73.850 	 5.127 
 74.040 	 5.128 
 74.225 	 5.138 
 74.415 	 5.141 
 74.600 	 5.138 
 74.790 	 5.137 
 74.980 	 5.136 
 75.165 	 5.131 
 75.355 	 5.127 
 75.540 	 5.144 
 75.730 	 5.163 
 75.920 	 5.171 
 76.105 	 5.171 
 76.295 	 5.171 
 76.480 	 5.161 
 76.670 	 5.165 
 76.860 	 5.176 
 77.045 	 5.181 
 77.235 	 5.182 
 77.420 	 5.185 
 77.610 	 5.176 
 77.800 	 5.181 
 77.985 	 5.181 
 78.175 	 5.196 
 78.360 	 5.200 
 78.550 	 5.196 
 78.740 	 5.200 
 78.925 	 5.198 
 79.115 	 5.203 
 79.300 	 5.196 
 79.490 	 5.206 
 79.680 	 5.210 
 79.865 	 5.210 
 80.055 	 5.211 
 80.240 	 5.215 
 80.430 	 5.219 
 80.620 	 5.214 
 80.805 	 5.211 
 80.995 	 5.216 
 81.180 	 5.225 
 81.370 	 5.226 
 81.560 	 5.229 
 81.745 	 5.225 
 81.935 	 5.234 
 82.120 	 5.235 
 82.310 	 5.246 
 82.500 	 5.257 
 82.685 	 5.252 
 82.875 	 5.236 
 83.060 	 5.253 
 83.250 	 5.245 
 83.440 	 5.247 
 83.625 	 5.258 
 83.815 	 5.254 
 84.000 	 5.254 
 84.190 	 5.250 
 84.380 	 5.253 
 84.565 	 5.249 
 84.755 	 5.252 
 84.940 	 5.258 
 85.130 	 5.260 
 85.320 	 5.268 
 85.505 	 5.259 
 85.695 	 5.243 
 85.880 	 5.260 
 86.070 	 5.265 
 86.260 	 5.273 
 86.445 	 5.272 
 86.635 	 5.269 
 86.820 	 5.263 
 87.010 	 5.259 
 87.200 	 5.260 
 87.385 	 5.265 
 87.575 	 5.278 
 87.760 	 5.278 
 87.950 	 5.278 
 88.140 	 5.280 
 88.325 	 5.285 
 88.515 	 5.287 
 88.700 	 5.283 
 88.890 	 5.283 
 89.080 	 5.287 
 89.265 	 5.284 
 89.455 	 5.290 
 89.640 	 5.293 
 89.830 	 5.293 
 90.020 	 5.289 
 90.205 	 5.297 
 90.395 	 5.289 
 90.580 	 5.297 
 90.770 	 5.303 
 90.960 	 5.303 
 91.145 	 5.301 
 91.335 	 5.294 
 91.520 	 5.298 
 91.710 	 5.302 
 91.900 	 5.304 
 92.085 	 5.302 
 92.275 	 5.306 
 92.460 	 5.307 
 92.650 	 5.312 
 92.840 	 5.312 
 93.025 	 5.312 
 93.215 	 5.312 
 93.400 	 5.314 
 93.590 	 5.313 
 93.780 	 5.303 
 93.965 	 5.300 
 94.155 	 5.276 
 94.340 	 5.250 
 94.530 	 5.245 
 94.720 	 5.249 
 94.905 	 5.283 
 95.095 	 5.278 
 95.280 	 5.277 
 95.470 	 5.274 
 95.660 	 5.273 
 95.845 	 5.273 
 96.035 	 5.275 
 96.220 	 5.278 
 96.410 	 5.278 
 96.600 	 5.289 
 96.785 	 5.293 
 96.975 	 5.288 
 97.160 	 5.288 
 97.350 	 5.292 
 97.540 	 5.300 
 97.725 	 5.307 
 97.915 	 5.314 
 98.100 	 5.317 
 98.290 	 5.312 
 98.480 	 5.308 
 98.665 	 5.328 
 98.855 	 5.332 
 99.040 	 5.344 
 99.230 	 5.350 
 99.420 	 5.348 
 99.605 	 5.350 
 99.795 	 5.347 
 99.980 	 5.339 
 100.170 	 5.352 
 100.360 	 5.353 
 100.545 	 5.364 
 100.735 	 5.371 
 100.920 	 5.372 
 101.110 	 5.379 
 101.300 	 5.376 
 101.485 	 5.376 
 101.675 	 5.369 
 101.860 	 5.381 
 102.050 	 5.393 
 102.240 	 5.406 
 102.425 	 5.412 
 102.615 	 5.414 
 102.800 	 5.404 
 102.990 	 5.394 
 103.180 	 5.391 
 103.365 	 5.412 
 103.555 	 5.420 
 103.740 	 5.431 
 103.930 	 5.433 
 104.120 	 5.433 
 104.305 	 5.439 
 104.495 	 5.445 
 104.680 	 5.454 
 104.870 	 5.457 
 105.060 	 5.461 
 105.245 	 5.468 
 105.435 	 5.476 
 105.620 	 5.480 
 105.810 	 5.479 
 106.000 	 5.474 
 106.185 	 5.476 
 106.375 	 5.480 
 106.560 	 5.483 
 106.750 	 5.485 
 106.940 	 5.496 
 107.125 	 5.506 
 107.315 	 5.508 
 107.500 	 5.510 
 107.690 	 5.515 
 107.880 	 5.518 
 108.065 	 5.521 
 108.255 	 5.527 
 108.440 	 5.528 
 108.630 	 5.532 
 108.820 	 5.535 
 109.005 	 5.537 
 109.195 	 5.542 
 109.380 	 5.547 
 109.570 	 5.552 
 109.760 	 5.551 
 109.945 	 5.542 
 110.135 	 5.547 
 110.320 	 5.562 
 110.510 	 5.569 
 110.700 	 5.578 
 110.885 	 5.586 
 111.075 	 5.581 
 111.260 	 5.580 
 111.450 	 5.586 
 111.640 	 5.591 
 111.825 	 5.598 
 112.015 	 5.601 
 112.200 	 5.601 
 112.390 	 5.598 
 112.580 	 5.603 
 112.765 	 5.615 
 112.955 	 5.625 
 113.140 	 5.640 
 113.330 	 5.647 
 113.520 	 5.641 
 113.705 	 5.629 
 113.895 	 5.630 
 114.080 	 5.642 
 114.270 	 5.647 
 114.460 	 5.652 
 114.645 	 5.657 
 114.835 	 5.659 
 115.020 	 5.662 
 115.210 	 5.664 
 115.400 	 5.668 
 115.585 	 5.672 
 115.775 	 5.676 
 115.960 	 5.679 
 116.150 	 5.681 
 116.340 	 5.688 
 116.525 	 5.688 
 116.715 	 5.691 
 116.900 	 5.703 
 117.090 	 5.713 
 117.280 	 5.713 
 117.465 	 5.710 
 117.655 	 5.713 
 117.840 	 5.718 
 118.030 	 5.723 
 118.220 	 5.730 
 118.405 	 5.732 
 118.595 	 5.730 
 118.780 	 5.730 
 118.970 	 5.735 
 119.160 	 5.740 
 119.345 	 5.745 
 119.535 	 5.752 
 119.720 	 5.754 
 119.910 	 5.754 
 120.100 	 5.762 
 120.285 	 5.772 
 120.475 	 5.781 
 120.660 	 5.780 
 120.850 	 5.776 
 121.040 	 5.775 
 121.225 	 5.771 
 121.415 	 5.774 
 121.600 	 5.783 
 121.790 	 5.790 
 121.980 	 5.785 
 122.165 	 5.780 
 122.355 	 5.791 
 122.540 	 5.798 
 122.730 	 5.798 
 122.920 	 5.794 
 123.105 	 5.788 
 123.295 	 5.784 
 123.480 	 5.788 
 123.670 	 5.792 
 123.860 	 5.802 
 124.045 	 5.814 
 124.235 	 5.810 
 124.420 	 5.803 
 124.610 	 5.797 
 124.800 	 5.798 
 124.985 	 5.798 
 125.175 	 5.800 
 125.360 	 5.784 
 125.550 	 5.790 
 125.740 	 5.783 
 125.925 	 5.778 
 126.115 	 5.783 
 126.300 	 5.788 
 126.490 	 5.795 
 126.680 	 5.788 
 126.865 	 5.780 
 127.055 	 5.781 
 127.240 	 5.791 
 127.430 	 5.793 
 127.620 	 5.796 
 127.805 	 5.801 
 127.995 	 5.811 
 128.180 	 5.814 
 128.370 	 5.812 
 128.560 	 5.815 
 128.745 	 5.821 
 128.935 	 5.829 
 129.120 	 5.840 
 129.310 	 5.842 
 129.500 	 5.842 
 129.685 	 5.848 
 129.875 	 5.857 
 130.060 	 5.859 
 130.250 	 5.865 
 130.440 	 5.869 
 130.625 	 5.869 
 130.815 	 5.869 
 131.000 	 5.875 
 131.190 	 5.883 
 131.380 	 5.889 
 131.565 	 5.889 
 131.755 	 5.889 
 131.940 	 5.891 
 132.130 	 5.896 
 132.320 	 5.901 
 132.505 	 5.909 
 132.695 	 5.913 
 132.880 	 5.918 
 133.070 	 5.926 
 133.260 	 5.925 
 133.445 	 5.923 
 133.635 	 5.929 
 133.820 	 5.933 
 134.010 	 5.940 
 134.200 	 5.948 
 134.385 	 5.958 
 134.575 	 5.968 
 134.760 	 5.975 
 134.950 	 5.979 
 135.140 	 5.981 
 135.325 	 5.984 
 135.515 	 5.983 
 135.700 	 5.992 
 135.890 	 5.996 
 136.080 	 5.999 
 136.265 	 6.004 
 136.455 	 6.006 
 136.640 	 6.009 
 136.830 	 6.016 
 137.020 	 6.023 
 137.205 	 6.025 
 137.395 	 6.023 
 137.580 	 6.031 
 137.770 	 6.037 
 137.960 	 6.038 
 138.145 	 6.046 
 138.335 	 6.050 
 138.520 	 6.050 
 138.710 	 6.053 
 138.900 	 6.058 
 139.085 	 6.062 
 139.275 	 6.061 
 139.460 	 6.068 
 139.650 	 6.077 
 139.840 	 6.082 
 140.025 	 6.084 
 140.215 	 6.087 
 140.400 	 6.086 
 140.590 	 6.084 
 140.780 	 6.087 
 140.965 	 6.089 
 141.155 	 6.095 
 141.340 	 6.099 
 141.530 	 6.102 
 141.720 	 6.104 
 141.905 	 6.113 
 142.095 	 6.124 
 142.280 	 6.134 
 142.470 	 6.144 
 142.660 	 6.147 
 142.845 	 6.150 
 143.035 	 6.155 
 143.220 	 6.163 
 143.410 	 6.167 
 143.600 	 6.176 
 143.785 	 6.188 
 143.975 	 6.194 
 144.160 	 6.200 
 144.350 	 6.207 
 144.540 	 6.211 
 144.725 	 6.213 
 144.915 	 6.218 
 145.100 	 6.221 
 145.290 	 6.225 
 145.480 	 6.230 
 145.665 	 6.228 
 145.855 	 6.227 
 146.040 	 6.230 
 146.230 	 6.235 
 146.420 	 6.245 
 146.605 	 6.248 
 146.795 	 6.250 
 146.980 	 6.251 
 147.170 	 6.256 
 147.360 	 6.266 
 147.545 	 6.274 
 147.735 	 6.286 
 147.920 	 6.292 
 148.110 	 6.299 
 148.300 	 6.299 
 148.485 	 6.297 
 148.675 	 6.292 
 148.860 	 6.305 
 149.050 	 6.320 
 149.240 	 6.325 
 149.425 	 6.338 
 149.615 	 6.330 
 149.800 	 6.336 
 149.990 	 6.326 
 150.180 	 6.335 
 150.365 	 6.344 
 150.555 	 6.351 
 150.740 	 6.361 
 150.930 	 6.373 
 151.120 	 6.374 
 151.305 	 6.372 
 151.495 	 6.369 
 151.680 	 6.373 
 151.870 	 6.380 
 152.060 	 6.388 
 152.245 	 6.389 
 152.435 	 6.393 
 152.620 	 6.402 
 152.810 	 6.409 
 153.000 	 6.417 
 153.185 	 6.427 
 153.375 	 6.438 
 153.560 	 6.440 
 153.750 	 6.448 
 153.940 	 6.456 
 154.125 	 6.460 
 154.315 	 6.463 
 154.500 	 6.465 
 154.690 	 6.471 
 154.880 	 6.478 
 155.065 	 6.487 
 155.255 	 6.489 
 155.440 	 6.489 
 155.630 	 6.495 
 155.820 	 6.504 
 156.005 	 6.509 
 156.195 	 6.514 
 156.380 	 6.521 
 156.570 	 6.523 
 156.760 	 6.524 
 156.945 	 6.528 
 157.135 	 6.529 
 157.320 	 6.538 
 157.510 	 6.548 
 157.700 	 6.550 
 157.885 	 6.550 
 158.075 	 6.555 
 158.260 	 6.562 
 158.450 	 6.563 
 158.640 	 6.570 
 158.825 	 6.579 
 159.015 	 6.587 
 159.200 	 6.590 
 159.390 	 6.597 
 159.580 	 6.597 
 159.765 	 6.597 
 159.955 	 6.599 
 160.140 	 6.606 
 160.330 	 6.611 
 160.520 	 6.611 
 160.705 	 6.618 
 160.895 	 6.628 
 161.080 	 6.631 
 161.270 	 6.635 
 161.460 	 6.642 
 161.645 	 6.646 
 161.835 	 6.648 
 162.020 	 6.657 
 162.210 	 6.660 
 162.400 	 6.664 
 162.585 	 6.671 
 162.775 	 6.673 
 162.960 	 6.673 
 163.150 	 6.685 
 163.340 	 6.687 
 163.525 	 6.692 
 163.715 	 6.697 
 163.900 	 6.699 
 164.090 	 6.699 
 164.280 	 6.701 
 164.465 	 6.708 
 164.655 	 6.718 
 164.840 	 6.720 
 165.030 	 6.722 
 165.220 	 6.727 
 165.405 	 6.731 
 165.595 	 6.737 
 165.780 	 6.745 
 165.970 	 6.748 
 166.160 	 6.750 
 166.345 	 6.758 
 166.535 	 6.763 
 166.720 	 6.768 
 166.910 	 6.776 
 167.100 	 6.780 
 167.285 	 6.784 
 167.475 	 6.789 
 167.660 	 6.790 
 167.850 	 6.787 
 168.040 	 6.790 
 168.225 	 6.795 
 168.415 	 6.799 
 168.600 	 6.808 
 168.790 	 6.816 
 168.980 	 6.813 
 169.165 	 6.802 
 169.355 	 6.802 
 169.540 	 6.803 
 169.730 	 6.805 
 169.920 	 6.810 
 170.105 	 6.814 
 170.295 	 6.814 
 170.480 	 6.812 
 170.670 	 6.813 
 170.860 	 6.822 
 171.045 	 6.833 
 171.235 	 6.836 
 171.420 	 6.839 
 171.610 	 6.848 
 171.800 	 6.859 
 171.985 	 6.868 
 172.175 	 6.875 
 172.360 	 6.875 
 172.550 	 6.878 
 172.740 	 6.883 
 172.925 	 6.888 
 173.115 	 6.895 
 173.300 	 6.899 
 173.490 	 6.899 
 173.680 	 6.901 
 173.865 	 6.906 
 174.055 	 6.914 
 174.240 	 6.919 
 174.430 	 6.922 
 174.620 	 6.927 
 174.805 	 6.932 
 174.995 	 6.940 
 175.180 	 6.950 
 175.370 	 6.955 
 175.560 	 6.961 
 175.745 	 6.963 
 175.935 	 6.966 
 176.120 	 6.973 
 176.310 	 6.983 
 176.500 	 6.982 
 176.685 	 6.982 
 176.875 	 6.991 
 177.060 	 6.996 
 177.250 	 7.001 
 177.440 	 7.002 
 177.625 	 7.005 
 177.815 	 7.012 
 178.000 	 7.013 
 178.190 	 7.017 
 178.380 	 7.017 
 178.565 	 7.012 
 178.755 	 7.020 
 178.940 	 7.029 
 179.130 	 7.031 
 179.320 	 7.033 
 179.505 	 7.038 
 179.695 	 7.043 
 179.880 	 7.048 
 180.070 	 7.051 
 180.260 	 7.051 
 180.445 	 7.051 
 180.635 	 7.055 
 180.820 	 7.066 
 181.010 	 7.075 
 181.200 	 7.078 
 181.385 	 7.080 
 181.575 	 7.080 
 181.760 	 7.082 
 181.950 	 7.087 
 182.140 	 7.098 
 182.325 	 7.106 
 182.515 	 7.109 
 182.700 	 7.109 
 182.890 	 7.106 
 183.080 	 7.111 
 183.265 	 7.118 
 183.455 	 7.123 
 183.640 	 7.128 
 183.830 	 7.136 
 184.020 	 7.139 
 184.205 	 7.139 
 184.395 	 7.147 
 184.580 	 7.152 
 184.770 	 7.153 
 184.960 	 7.161 
 185.145 	 7.159 
 185.335 	 7.165 
 185.520 	 7.168 
 185.710 	 7.168 
 185.900 	 7.172 
 186.085 	 7.177 
 186.275 	 7.173 
 186.460 	 7.186 
 186.650 	 7.184 
 186.840 	 7.187 
 187.025 	 7.191 
 187.215 	 7.188 
 187.400 	 7.187 
 187.590 	 7.196 
 187.780 	 7.205 
 187.965 	 7.211 
 188.155 	 7.212 
 188.340 	 7.224 
 188.530 	 7.234 
 188.720 	 7.236 
 188.905 	 7.244 
 189.095 	 7.246 
 189.280 	 7.242 
 189.470 	 7.246 
 189.660 	 7.254 
 189.845 	 7.256 
 190.035 	 7.256 
 190.220 	 7.264 
 190.410 	 7.269 
 190.600 	 7.279 
 190.785 	 7.280 
 190.975 	 7.284 
 191.160 	 7.285 
 191.350 	 7.289 
 191.540 	 7.290 
 191.725 	 7.296 
 191.915 	 7.300 
 192.100 	 7.300 
 192.290 	 7.296 
 192.480 	 7.298 
 192.665 	 7.303 
 192.855 	 7.308 
 193.040 	 7.310 
 193.230 	 7.313 
 193.420 	 7.311 
 193.605 	 7.318 
 193.795 	 7.319 
 193.980 	 7.319 
 194.170 	 7.326 
 194.360 	 7.329 
 194.545 	 7.339 
 194.735 	 7.336 
 194.920 	 7.334 
 195.110 	 7.334 
 195.300 	 7.334 
 195.485 	 7.343 
 195.675 	 7.345 
 195.860 	 7.344 
 196.050 	 7.344 
 196.240 	 7.341 
 196.425 	 7.346 
 196.615 	 7.345 
 196.800 	 7.337 
 196.990 	 7.334 
 197.180 	 7.343 
 197.365 	 7.339 
 197.555 	 7.336 
 197.740 	 7.334 
 197.930 	 7.334 
 198.120 	 7.344 
 198.305 	 7.349 
 198.495 	 7.345 
 198.680 	 7.344 
 198.870 	 7.344 
 199.060 	 7.339 
 199.245 	 7.349 
 199.435 	 7.357 
 199.620 	 7.358 
 199.810 	 7.351 
 200.000 	 7.351 
 200.185 	 7.354 
 200.375 	 7.350 
 200.560 	 7.357 
 200.750 	 7.358 
 200.940 	 7.358 
 201.125 	 7.358 
 201.315 	 7.355 
 201.500 	 7.354 
 201.690 	 7.357 
 201.880 	 7.358 
 202.065 	 7.358 
 202.255 	 7.355 
 202.440 	 7.361 
 202.630 	 7.363 
 202.820 	 7.353 
 203.005 	 7.345 
 203.195 	 7.344 
 203.380 	 7.347 
 203.570 	 7.352 
 203.760 	 7.354 
 203.945 	 7.350 
 204.135 	 7.352 
 204.320 	 7.350 
 204.510 	 7.345 
 204.700 	 7.347 
 204.885 	 7.352 
 205.075 	 7.358 
 205.260 	 7.354 
 205.450 	 7.354 
 205.640 	 7.343 
 205.825 	 7.343 
 206.015 	 7.348 
 206.200 	 7.352 
 206.390 	 7.358 
 206.580 	 7.363 
 206.765 	 7.358 
 206.955 	 7.358 
 207.140 	 7.358 
 207.330 	 7.355 
 207.520 	 7.354 
 207.705 	 7.358 
 207.895 	 7.358 
 208.080 	 7.354 
 208.270 	 7.361 
 208.460 	 7.363 
 208.645 	 7.359 
 208.835 	 7.366 
 209.020 	 7.364 
 209.210 	 7.359 
 209.400 	 7.368 
 209.585 	 7.364 
 209.775 	 7.359 
 209.960 	 7.358 
 210.150 	 7.362 
 210.340 	 7.349 
 210.525 	 7.349 
 210.715 	 7.353 
 210.900 	 7.350 
 211.090 	 7.358 
 211.280 	 7.346 
 211.465 	 7.344 
 211.655 	 7.340 
 211.840 	 7.344 
 212.030 	 7.344 
 212.220 	 7.348 
 212.405 	 7.349 
 212.595 	 7.345 
 212.780 	 7.344 
 212.970 	 7.344 
 213.160 	 7.339 
 213.345 	 7.331 
 213.535 	 7.334 
 213.720 	 7.322 
 213.910 	 7.315 
 214.100 	 7.314 
 214.285 	 7.310 
 214.475 	 7.313 
 214.660 	 7.314 
 214.850 	 7.319 
 215.040 	 7.315 
 215.225 	 7.319 
 215.415 	 7.319 
 215.600 	 7.319 
 215.790 	 7.323 
 215.980 	 7.324 
 216.165 	 7.328 
 216.355 	 7.339 
 216.540 	 7.343 
 216.730 	 7.357 
 216.920 	 7.358 
 217.105 	 7.358 
 217.295 	 7.354 
 217.480 	 7.348 
 217.670 	 7.329 
 217.860 	 7.333 
 218.045 	 7.334 
 218.235 	 7.334 
 218.420 	 7.328 
 218.610 	 7.330 
 218.800 	 7.334 
 218.985 	 7.338 
 219.175 	 7.336 
 219.360 	 7.339 
 219.550 	 7.339 
 219.740 	 7.336 
 219.925 	 7.342 
 220.115 	 7.340 
 220.300 	 7.342 
 220.490 	 7.344 
 220.680 	 7.339 
 220.865 	 7.336 
 221.055 	 7.335 
 221.240 	 7.344 
 221.430 	 7.345 
 221.620 	 7.344 
 221.805 	 7.341 
 221.995 	 7.345 
 222.180 	 7.345 
 222.370 	 7.344 
 222.560 	 7.338 
 222.745 	 7.331 
 222.935 	 7.326 
 223.120 	 7.324 
 223.310 	 7.324 
 223.500 	 7.330 
 223.685 	 7.331 
 223.875 	 7.326 
 224.060 	 7.321 
 224.250 	 7.322 
 224.440 	 7.324 
 224.625 	 7.327 
 224.815 	 7.329 
 225.000 	 7.325 
 225.190 	 7.324 
 225.380 	 7.321 
 225.565 	 7.322 
 225.755 	 7.321 
 225.940 	 7.322 
 226.130 	 7.318 
 226.320 	 7.314 
 226.505 	 7.314 
 226.695 	 7.314 
 226.880 	 7.318 
 227.070 	 7.315 
 227.260 	 7.318 
 227.445 	 7.310 
 227.635 	 7.310 
 227.820 	 7.319 
 228.010 	 7.328 
 228.200 	 7.324 
 228.385 	 7.333 
 228.575 	 7.330 
 228.760 	 7.338 
 228.950 	 7.339 
 229.140 	 7.334 
 229.325 	 7.334 
 229.515 	 7.329 
 229.700 	 7.317 
 229.890 	 7.310 
 230.080 	 7.314 
 230.265 	 7.310 
 230.455 	 7.314 
 230.640 	 7.319 
 230.830 	 7.314 
 231.020 	 7.314 
 231.205 	 7.309 
 231.395 	 7.305 
 231.580 	 7.305 
 231.770 	 7.304 
 231.960 	 7.292 
 232.145 	 7.304 
 232.335 	 7.301 
 232.520 	 7.294 
 232.710 	 7.286 
 232.900 	 7.281 
 233.085 	 7.294 
 233.275 	 7.291 
 233.460 	 7.290 
 233.650 	 7.290 
 233.840 	 7.290 
 234.025 	 7.285 
 234.215 	 7.285 
 234.400 	 7.285 
 234.590 	 7.281 
 234.780 	 7.285 
 234.965 	 7.289 
 235.155 	 7.285 
 235.340 	 7.289 
 235.530 	 7.280 
 235.720 	 7.280 
 235.905 	 7.280 
 236.095 	 7.272 
 236.280 	 7.280 
 236.470 	 7.272 
 236.660 	 7.275 
 236.845 	 7.275 
 237.035 	 7.285 
 237.220 	 7.289 
 237.410 	 7.290 
 237.600 	 7.282 
 237.785 	 7.280 
 237.975 	 7.273 
 238.160 	 7.279 
 238.350 	 7.280 
 238.540 	 7.271 
 238.725 	 7.280 
 238.915 	 7.276 
 239.100 	 7.275 
 239.290 	 7.271 
 239.480 	 7.275 
 239.665 	 7.280 
 239.855 	 7.280 
 240.040 	 7.276 
 240.230 	 7.275 
 240.420 	 7.271 
 240.605 	 7.271 
 240.795 	 7.275 
 240.980 	 7.266 
 241.170 	 7.274 
 241.360 	 7.271 
 241.545 	 7.275 
 241.735 	 7.266 
 241.920 	 7.266 
 242.110 	 7.261 
 242.300 	 7.256 
 242.485 	 7.256 
 242.675 	 7.260 
 242.860 	 7.266 
 243.050 	 7.266 
 243.240 	 7.256 
 243.425 	 7.260 
 243.615 	 7.256 
 243.800 	 7.256 
 243.990 	 7.251 
 244.180 	 7.251 
 244.365 	 7.255 
 244.555 	 7.251 
 244.740 	 7.246 
 244.930 	 7.246 
 245.120 	 7.251 
 245.305 	 7.251 
 245.495 	 7.251 
 245.680 	 7.256 
 245.870 	 7.251 
 246.060 	 7.251 
 246.245 	 7.260 
 246.435 	 7.252 
 246.620 	 7.251 
 246.810 	 7.256 
 247.000 	 7.243 
 247.185 	 7.259 
 247.375 	 7.257 
 247.560 	 7.265 
 247.750 	 7.257 
 247.940 	 7.265 
 248.125 	 7.256 
 248.315 	 7.256 
 248.500 	 7.252 
 248.690 	 7.258 
 248.880 	 7.257 
 249.065 	 7.259 
 249.255 	 7.257 
 249.440 	 7.260 
 249.630 	 7.261 
 249.820 	 7.251 
 250.005 	 7.258 
 250.195 	 7.258 
 250.380 	 7.256 
 250.570 	 7.256 
 250.760 	 7.252 
 250.945 	 7.246 
 251.135 	 7.242 
 251.320 	 7.241 
 251.510 	 7.245 
 251.700 	 7.240 
 251.885 	 7.240 
 252.075 	 7.244 
 252.260 	 7.250 
 252.450 	 7.247 
 252.640 	 7.246 
 252.825 	 7.236 
 253.015 	 7.227 
 253.200 	 7.226 
 253.390 	 7.230 
 253.580 	 7.231 
 253.765 	 7.234 
 253.955 	 7.240 
 254.140 	 7.241 
 254.330 	 7.241 
 254.520 	 7.236 
 254.705 	 7.229 
 254.895 	 7.234 
 255.080 	 7.241 
 255.270 	 7.236 
 255.460 	 7.233 
 255.645 	 7.239 
 255.835 	 7.241 
 256.020 	 7.231 
 256.210 	 7.231 
 256.400 	 7.228 
 256.585 	 7.230 
 256.775 	 7.223 
 256.960 	 7.231 
 257.150 	 7.231 
 257.340 	 7.231 
 257.525 	 7.223 
 257.715 	 7.212 
 257.900 	 7.222 
 258.090 	 7.222 
 258.280 	 7.227 
 258.465 	 7.231 
 258.655 	 7.226 
 258.840 	 7.222 
 259.030 	 7.217 
 259.220 	 7.217 
 259.405 	 7.212 
 259.595 	 7.202 
 259.780 	 7.192 
 259.970 	 7.192 
 260.160 	 7.192 
 260.345 	 7.178 
 260.535 	 7.165 
 260.720 	 7.158 
 260.910 	 7.158 
 261.100 	 7.163 
 261.285 	 7.159 
 261.475 	 7.163 
 261.660 	 7.159 
 261.850 	 7.149 
 262.040 	 7.150 
 262.225 	 7.164 
 262.415 	 7.173 
 262.600 	 7.173 
 262.790 	 7.187 
 262.980 	 7.187 
 263.165 	 7.187 
 263.355 	 7.183 
 263.540 	 7.178 
 263.730 	 7.187 
 263.920 	 7.189 
 264.105 	 7.197 
 264.295 	 7.201 
 264.480 	 7.199 
 264.670 	 7.208 
 264.860 	 7.214 
 265.045 	 7.225 
 265.235 	 7.223 
 265.420 	 7.230 
 265.610 	 7.236 
 265.800 	 7.232 
 265.985 	 7.226 
 266.175 	 7.217 
 266.360 	 7.212 
 266.550 	 7.221 
 266.740 	 7.217 
 266.925 	 7.231 
 267.115 	 7.227 
 267.300 	 7.227 
 267.490 	 7.231 
 267.680 	 7.230 
 267.865 	 7.227 
 268.055 	 7.231 
 268.240 	 7.229 
 268.430 	 7.241 
 268.620 	 7.248 
 268.805 	 7.256 
 268.995 	 7.253 
 269.180 	 7.260 
 269.370 	 7.258 
 269.560 	 7.266 
 269.745 	 7.266 
 269.935 	 7.270 
 270.120 	 7.267 
 270.310 	 7.271 
 270.500 	 7.271 
 270.685 	 7.271 
 270.875 	 7.271 
 271.060 	 7.277 
 271.250 	 7.285 
 271.440 	 7.294 
 271.625 	 7.290 
 271.815 	 7.298 
 272.000 	 7.290 
 272.190 	 7.302 
 272.380 	 7.312 
 272.565 	 7.319 
 272.755 	 7.313 
 272.940 	 7.305 
 273.130 	 7.302 
 273.320 	 7.315 
 273.505 	 7.324 
 273.695 	 7.324 
 273.880 	 7.323 
 274.070 	 7.313 
 274.260 	 7.309 
 274.445 	 7.305 
 274.635 	 7.305 
 274.820 	 7.310 
 275.010 	 7.305 
 275.200 	 7.285 
 275.385 	 7.289 
 275.575 	 7.285 
 275.760 	 7.290 
 275.950 	 7.291 
 276.140 	 7.301 
 276.325 	 7.305 
 276.515 	 7.305 
 276.700 	 7.305 
 276.890 	 7.313 
 277.080 	 7.324 
 277.265 	 7.331 
 277.455 	 7.340 
 277.640 	 7.350 
 277.830 	 7.354 
 278.020 	 7.358 
 278.205 	 7.358 
 278.395 	 7.359 
 278.580 	 7.363 
 278.770 	 7.364 
 278.960 	 7.383 
 279.145 	 7.383 
 279.335 	 7.390 
 279.520 	 7.397 
 279.710 	 7.387 
 279.900 	 7.384 
 280.085 	 7.393 
 280.275 	 7.401 
 280.460 	 7.413 
 280.650 	 7.422 
 280.840 	 7.422 
 281.025 	 7.422 
 281.215 	 7.422 
 281.400 	 7.425 
 281.590 	 7.417 
 281.780 	 7.416 
 281.965 	 7.414 
 282.155 	 7.420 
 282.340 	 7.418 
 282.530 	 7.422 
 282.720 	 7.432 
 282.905 	 7.437 
 283.095 	 7.441 
 283.280 	 7.442 
 283.470 	 7.445 
 283.660 	 7.442 
 283.845 	 7.448 
 284.035 	 7.456 
 284.220 	 7.457 
 284.410 	 7.460 
 284.600 	 7.452 
 284.785 	 7.456 
 284.975 	 7.453 
 285.160 	 7.461 
 285.350 	 7.467 
 285.540 	 7.471 
 285.725 	 7.476 
 285.915 	 7.475 
 286.100 	 7.464 
 286.290 	 7.457 
 286.480 	 7.473 
 286.665 	 7.481 
 286.855 	 7.487 
 287.040 	 7.490 
 287.230 	 7.489 
 287.420 	 7.485 
 287.605 	 7.485 
 287.795 	 7.485 
 287.980 	 7.486 
 288.170 	 7.492 
 288.360 	 7.504 
 288.545 	 7.501 
 288.735 	 7.504 
 288.920 	 7.496 
 289.110 	 7.510 
 289.300 	 7.510 
 289.485 	 7.510 
 289.675 	 7.510 
 289.860 	 7.512 
 290.050 	 7.520 
 290.240 	 7.523 
 290.425 	 7.535 
 290.615 	 7.542 
 290.800 	 7.547 
 290.990 	 7.534 
 291.180 	 7.532 
 291.365 	 7.521 
 291.555 	 7.525 
 291.740 	 7.534 
 291.930 	 7.545 
 292.120 	 7.549 
 292.305 	 7.550 
 292.495 	 7.554 
 292.680 	 7.554 
 292.870 	 7.554 
 293.060 	 7.560 
 293.245 	 7.564 
 293.435 	 7.573 
 293.620 	 7.571 
 293.810 	 7.565 
 294.000 	 7.578 
 294.185 	 7.579 
 294.375 	 7.586 
 294.560 	 7.593 
 294.750 	 7.599 
 294.940 	 7.601 
 295.125 	 7.590 
 295.315 	 7.583 
 295.500 	 7.579 
 295.690 	 7.583 
 295.880 	 7.603 
 296.065 	 7.607 
 296.255 	 7.615 
 296.440 	 7.608 
 296.630 	 7.611 
 296.820 	 7.612 
 297.005 	 7.612 
 297.195 	 7.607 
 297.380 	 7.603 
 297.570 	 7.618 
 297.760 	 7.621 
 297.945 	 7.621 
 298.135 	 7.618 
 298.320 	 7.620 
 298.510 	 7.613 
 298.700 	 7.616 
 298.885 	 7.623 
 299.075 	 7.630 
 299.260 	 7.641 
 299.450 	 7.646 
 299.640 	 7.652 
 299.825 	 7.656 
 300.015 	 7.656 
 300.200 	 7.652 
 300.390 	 7.652 
 300.580 	 7.656 
 300.765 	 7.652 
 300.955 	 7.647 
 301.140 	 7.651 
 301.330 	 7.651 
 301.520 	 7.651 
 301.705 	 7.647 
 301.895 	 7.651 
 302.080 	 7.656 
 302.270 	 7.660 
 302.460 	 7.656 
 302.645 	 7.661 
 302.835 	 7.677 
 303.020 	 7.681 
 303.210 	 7.683 
 303.400 	 7.690 
 303.585 	 7.686 
 303.775 	 7.676 
 303.960 	 7.681 
 304.150 	 7.691 
 304.340 	 7.695 
 304.525 	 7.705 
 304.715 	 7.715 
 304.900 	 7.715 
 305.090 	 7.714 
 305.280 	 7.710 
 305.465 	 7.716 
 305.655 	 7.725 
 305.840 	 7.725 
 306.030 	 7.725 
 306.220 	 7.729 
 306.405 	 7.732 
 306.595 	 7.739 
 306.780 	 7.742 
 306.970 	 7.749 
 307.160 	 7.749 
 307.345 	 7.754 
 307.535 	 7.754 
 307.720 	 7.754 
 307.910 	 7.754 
 308.100 	 7.754 
 308.285 	 7.759 
 308.475 	 7.761 
 308.660 	 7.769 
 308.850 	 7.767 
 309.040 	 7.759 
 309.225 	 7.764 
 309.415 	 7.764 
 309.600 	 7.769 
 309.790 	 7.773 
 309.980 	 7.782 
 310.165 	 7.780 
 310.355 	 7.781 
 310.540 	 7.774 
 310.730 	 7.788 
 310.920 	 7.788 
 311.105 	 7.788 
 311.295 	 7.793 
 311.480 	 7.793 
 311.670 	 7.793 
 311.860 	 7.794 
 312.045 	 7.797 
 312.235 	 7.798 
 312.420 	 7.803 
 312.610 	 7.812 
 312.800 	 7.812 
 312.985 	 7.817 
 313.175 	 7.818 
 313.360 	 7.821 
 313.550 	 7.818 
 313.740 	 7.821 
 313.925 	 7.822 
 314.115 	 7.822 
 314.300 	 7.822 
 314.490 	 7.827 
 314.680 	 7.832 
 314.865 	 7.832 
 315.055 	 7.837 
 315.240 	 7.837 
 315.430 	 7.837 
 315.620 	 7.845 
 315.805 	 7.851 
 315.995 	 7.857 
 316.180 	 7.861 
 316.370 	 7.861 
 316.560 	 7.863 
 316.745 	 7.866 
 316.935 	 7.867 
 317.120 	 7.871 
 317.310 	 7.870 
 317.500 	 7.868 
 317.685 	 7.871 
 317.875 	 7.874 
 318.060 	 7.881 
 318.250 	 7.884 
 318.440 	 7.891 
 318.625 	 7.899 
 318.815 	 7.894 
 319.000 	 7.889 
 319.190 	 7.884 
 319.380 	 7.881 
 319.565 	 7.881 
 319.755 	 7.881 
 319.940 	 7.887 
 320.130 	 7.891 
 320.320 	 7.889 
 320.505 	 7.887 
 320.695 	 7.892 
 320.880 	 7.892 
 321.070 	 7.881 
 321.260 	 7.889 
 321.445 	 7.896 
 321.635 	 7.896 
 321.820 	 7.896 
 322.010 	 7.898 
 322.200 	 7.906 
 322.385 	 7.910 
 322.575 	 7.910 
 322.760 	 7.910 
 322.950 	 7.910 
 323.140 	 7.910 
 323.325 	 7.912 
 323.515 	 7.926 
 323.700 	 7.931 
 323.890 	 7.936 
 324.080 	 7.938 
 324.265 	 7.933 
 324.455 	 7.929 
 324.640 	 7.939 
 324.830 	 7.942 
 325.020 	 7.950 
 325.205 	 7.954 
 325.395 	 7.955 
 325.580 	 7.959 
 325.770 	 7.961 
 325.960 	 7.961 
 326.145 	 7.952 
 326.335 	 7.960 
 326.520 	 7.964 
 326.710 	 7.964 
 326.900 	 7.975 
 327.085 	 7.980 
 327.275 	 7.982 
 327.460 	 7.980 
 327.650 	 7.982 
 327.840 	 7.979 
 328.025 	 7.978 
 328.215 	 7.975 
 328.400 	 7.979 
 328.590 	 7.984 
 328.780 	 7.988 
 328.965 	 7.990 
 329.155 	 7.995 
 329.340 	 7.999 
 329.530 	 8.004 
 329.720 	 8.008 
 329.905 	 8.005 
 330.095 	 7.998 
 330.280 	 7.998 
 330.470 	 8.000 
 330.660 	 8.005 
 330.845 	 8.009 
 331.035 	 8.013 
 331.220 	 8.003 
 331.410 	 8.007 
 331.600 	 8.022 
 331.785 	 8.032 
 331.975 	 8.031 
 332.160 	 8.028 
 332.350 	 8.031 
 332.540 	 8.032 
 332.725 	 8.028 
 332.915 	 8.037 
 333.100 	 8.037 
 333.290 	 8.041 
 333.480 	 8.049 
 333.665 	 8.050 
 333.855 	 8.044 
 334.040 	 8.040 
 334.230 	 8.052 
 334.420 	 8.052 
 334.605 	 8.057 
 334.795 	 8.060 
 334.980 	 8.071 
 335.170 	 8.070 
 335.360 	 8.068 
 335.545 	 8.070 
 335.735 	 8.066 
 335.920 	 8.070 
 336.110 	 8.076 
 336.300 	 8.078 
 336.485 	 8.086 
 336.675 	 8.091 
 336.860 	 8.091 
 337.050 	 8.091 
 337.240 	 8.093 
 337.425 	 8.101 
 337.615 	 8.099 
 337.800 	 8.097 
 337.990 	 8.105 
 338.180 	 8.104 
 338.365 	 8.101 
 338.555 	 8.104 
 338.740 	 8.108 
 338.930 	 8.105 
 339.120 	 8.108 
 339.305 	 8.117 
 339.495 	 8.120 
 339.680 	 8.120 
 339.870 	 8.118 
 340.060 	 8.117 
 340.245 	 8.118 
 340.435 	 8.119 
 340.620 	 8.129 
 340.810 	 8.133 
 341.000 	 8.132 
 341.185 	 8.137 
 341.375 	 8.140 
 341.560 	 8.142 
 341.750 	 8.142 
 341.940 	 8.140 
 342.125 	 8.140 
 342.315 	 8.140 
 342.500 	 8.142 
 342.690 	 8.140 
 342.880 	 8.137 
 343.065 	 8.142 
 343.255 	 8.145 
 343.440 	 8.148 
 343.630 	 8.154 
 343.820 	 8.152 
 344.005 	 8.149 
 344.195 	 8.151 
 344.380 	 8.158 
 344.570 	 8.162 
 344.760 	 8.165 
 344.945 	 8.176 
 345.135 	 8.179 
 345.320 	 8.179 
 345.510 	 8.179 
 345.700 	 8.179 
 345.885 	 8.181 
 346.075 	 8.188 
 346.260 	 8.191 
 346.450 	 8.188 
 346.640 	 8.188 
 346.825 	 8.190 
 347.015 	 8.196 
 347.200 	 8.196 
 347.390 	 8.195 
 347.580 	 8.200 
 347.765 	 8.201 
 347.955 	 8.200 
 348.140 	 8.203 
 348.330 	 8.203 
 348.520 	 8.207 
 348.705 	 8.211 
 348.895 	 8.208 
 349.080 	 8.208 
 349.270 	 8.208 
 349.460 	 8.212 
 349.645 	 8.216 
 349.835 	 8.214 
 350.020 	 8.216 
 350.210 	 8.216 
 350.400 	 8.221 
 350.585 	 8.218 
 350.775 	 8.218 
 350.960 	 8.218 
 351.150 	 8.218 
 351.340 	 8.218 
 351.525 	 8.216 
 351.715 	 8.215 
 351.900 	 8.219 
 352.090 	 8.228 
 352.280 	 8.235 
 352.465 	 8.232 
 352.655 	 8.230 
 352.840 	 8.229 
 353.030 	 8.232 
 353.220 	 8.234 
 353.405 	 8.235 
 353.595 	 8.232 
 353.780 	 8.230 
 353.970 	 8.228 
 354.160 	 8.228 
 354.345 	 8.228 
 354.535 	 8.228 
 354.720 	 8.229 
 354.910 	 8.232 
 355.100 	 8.232 
 355.285 	 8.232 
 355.475 	 8.230 
 355.660 	 8.228 
 355.850 	 8.228 
 356.040 	 8.228 
 356.225 	 8.228 
 356.415 	 8.228 
 356.600 	 8.234 
 356.790 	 8.240 
 356.980 	 8.241 
 357.165 	 8.245 
 357.355 	 8.240 
 357.540 	 8.237 
 357.730 	 8.237 
 357.920 	 8.234 
 358.105 	 8.229 
 358.295 	 8.232 
 358.480 	 8.235 
 358.670 	 8.237 
 358.860 	 8.235 
 359.045 	 8.232 
 359.235 	 8.235 
 359.420 	 8.240 
 359.610 	 8.242 
 359.800 	 8.242 
 359.985 	 8.242 
 360.175 	 8.242 
 360.360 	 8.242 
 360.550 	 8.242 
 360.740 	 8.242 
 360.925 	 8.242 
 361.115 	 8.242 
 361.300 	 8.239 
 361.490 	 8.240 
 361.680 	 8.242 
 361.865 	 8.242 
 362.055 	 8.240 
 362.240 	 8.237 
 362.430 	 8.239 
 362.620 	 8.242 
 362.805 	 8.240 
 362.995 	 8.237 
 363.180 	 8.240 
 363.370 	 8.240 
 363.560 	 8.235 
 363.745 	 8.237 
 363.935 	 8.242 
 364.120 	 8.236 
 364.310 	 8.232 
 364.500 	 8.235 
 364.685 	 8.230 
 364.875 	 8.230 
 365.060 	 8.232 
 365.250 	 8.232 
 365.440 	 8.235 
 365.625 	 8.233 
 365.815 	 8.228 
 366.000 	 8.225 
 366.190 	 8.223 
 366.380 	 8.223 
 366.565 	 8.225 
 366.755 	 8.228 
 366.940 	 8.228 
 367.130 	 8.235 
 367.320 	 8.242 
 367.505 	 8.237 
 367.695 	 8.232 
 367.880 	 8.232 
 368.070 	 8.232 
 368.260 	 8.232 
 368.445 	 8.230 
 368.635 	 8.232 
 368.820 	 8.232 
 369.010 	 8.234 
 369.200 	 8.240 
 369.385 	 8.235 
 369.575 	 8.235 
 369.760 	 8.235 
 369.950 	 8.234 
 370.140 	 8.237 
 370.325 	 8.235 
 370.515 	 8.230 
 370.700 	 8.230 
 370.890 	 8.230 
 371.080 	 8.228 
 371.265 	 8.228 
 371.455 	 8.230 
 371.640 	 8.232 
 371.830 	 8.235 
 372.020 	 8.234 
 372.205 	 8.232 
 372.395 	 8.230 
 372.580 	 8.224 
 372.770 	 8.222 
 372.960 	 8.228 
 373.145 	 8.230 
 373.335 	 8.231 
 373.520 	 8.228 
 373.710 	 8.230 
 373.900 	 8.228 
 374.085 	 8.225 
 374.275 	 8.225 
 374.460 	 8.220 
 374.650 	 8.220 
 374.840 	 8.225 
 375.025 	 8.225 
 375.215 	 8.225 
 375.400 	 8.228 
 375.590 	 8.222 
 375.780 	 8.220 
 375.965 	 8.220 
 376.155 	 8.218 
 376.340 	 8.216 
 376.530 	 8.215 
 376.720 	 8.218 
 376.905 	 8.220 
 377.095 	 8.220 
 377.280 	 8.220 
 377.470 	 8.220 
 377.660 	 8.215 
 377.845 	 8.213 
 378.035 	 8.216 
 378.220 	 8.215 
 378.410 	 8.210 
 378.600 	 8.203 
 378.785 	 8.202 
 378.975 	 8.205 
 379.160 	 8.203 
 379.350 	 8.201 
 379.540 	 8.193 
 379.725 	 8.196 
 379.915 	 8.201 
 380.100 	 8.201 
 380.290 	 8.203 
 380.480 	 8.206 
 380.665 	 8.208 
 380.855 	 8.208 
 381.040 	 8.215 
 381.230 	 8.220 
 381.420 	 8.220 
 381.605 	 8.223 
 381.795 	 8.225 
 381.980 	 8.228 
 382.170 	 8.220 
 382.360 	 8.213 
 382.545 	 8.208 
 382.735 	 8.206 
 382.920 	 8.206 
 383.110 	 8.200 
 383.300 	 8.198 
 383.485 	 8.201 
 383.675 	 8.203 
 383.860 	 8.203 
 384.050 	 8.200 
 384.240 	 8.198 
 384.425 	 8.198 
 384.615 	 8.198 
 384.800 	 8.196 
 384.990 	 8.193 
 385.180 	 8.193 
 385.365 	 8.190 
 385.555 	 8.188 
 385.740 	 8.186 
 385.930 	 8.184 
 386.120 	 8.175 
 386.305 	 8.173 
 386.495 	 8.171 
 386.680 	 8.167 
 386.870 	 8.166 
 387.060 	 8.164 
 387.245 	 8.167 
 387.435 	 8.172 
 387.620 	 8.180 
 387.810 	 8.181 
 388.000 	 8.182 
 388.185 	 8.181 
 388.375 	 8.173 
 388.560 	 8.175 
 388.750 	 8.175 
 388.940 	 8.169 
 389.125 	 8.176 
 389.315 	 8.183 
 389.500 	 8.174 
 389.690 	 8.174 
 389.880 	 8.176 
 390.065 	 8.179 
 390.255 	 8.178 
 390.440 	 8.170 
 390.630 	 8.174 
 390.820 	 8.164 
 391.005 	 8.164 
 391.195 	 8.164 
 391.380 	 8.164 
 391.570 	 8.164 
 391.760 	 8.164 
 391.945 	 8.167 
 392.135 	 8.178 
 392.320 	 8.180 
 392.510 	 8.183 
 392.700 	 8.175 
 392.885 	 8.165 
 393.075 	 8.172 
 393.260 	 8.179 
 393.450 	 8.182 
 393.640 	 8.184 
 393.825 	 8.182 
 394.015 	 8.177 
 394.200 	 8.172 
 394.390 	 8.173 
 394.580 	 8.175 
 394.765 	 8.164 
 394.955 	 8.162 
 395.140 	 8.161 
 395.330 	 8.162 
 395.520 	 8.168 
 395.705 	 8.174 
 395.895 	 8.178 
 396.080 	 8.182 
 396.270 	 8.179 
 396.460 	 8.174 
 396.645 	 8.175 
 396.835 	 8.175 
 397.020 	 8.169 
 397.210 	 8.164 
 397.400 	 8.167 
 397.585 	 8.175 
 397.775 	 8.176 
 397.960 	 8.179 
 398.150 	 8.186 
 398.340 	 8.184 
 398.525 	 8.184 
 398.715 	 8.186 
 398.900 	 8.184 
 399.090 	 8.186 
 399.280 	 8.186 
 399.465 	 8.184 
 399.655 	 8.184 
 399.840 	 8.187 
 400.030 	 8.182 
 400.220 	 8.185 
 400.405 	 8.182 
 400.595 	 8.182 
 400.780 	 8.184 
 400.970 	 8.184 
 401.160 	 8.184 
 401.345 	 8.181 
 401.535 	 8.179 
 401.720 	 8.182 
 401.910 	 8.181 
 402.100 	 8.182 
 402.285 	 8.180 
 402.475 	 8.179 
 402.660 	 8.179 
 402.850 	 8.179 
 403.040 	 8.179 
 403.225 	 8.179 
 403.415 	 8.179 
 403.600 	 8.182 
 403.790 	 8.178 
 403.980 	 8.170 
 404.165 	 8.172 
 404.355 	 8.174 
 404.540 	 8.174 
 404.730 	 8.170 
 404.920 	 8.169 
 405.105 	 8.172 
 405.295 	 8.168 
 405.480 	 8.164 
 405.670 	 8.164 
 405.860 	 8.170 
 406.045 	 8.174 
 406.235 	 8.174 
 406.420 	 8.174 
 406.610 	 8.168 
 406.800 	 8.170 
 406.985 	 8.167 
 407.175 	 8.161 
 407.360 	 8.156 
 407.550 	 8.154 
 407.740 	 8.154 
 407.925 	 8.158 
 408.115 	 8.156 
 408.300 	 8.154 
 408.490 	 8.154 
 408.680 	 8.148 
 408.865 	 8.151 
 409.055 	 8.148 
 409.240 	 8.145 
 409.430 	 8.154 
 409.620 	 8.150 
 409.805 	 8.145 
 409.995 	 8.145 
 410.180 	 8.150 
 410.370 	 8.151 
 410.560 	 8.153 
 410.745 	 8.154 
 410.935 	 8.151 
 411.120 	 8.146 
 411.310 	 8.141 
 411.500 	 8.140 
 411.685 	 8.137 
 411.875 	 8.135 
 412.060 	 8.135 
 412.250 	 8.135 
 412.440 	 8.135 
 412.625 	 8.135 
 412.815 	 8.138 
 413.000 	 8.137 
 413.190 	 8.131 
 413.380 	 8.135 
 413.565 	 8.135 
 413.755 	 8.130 
 413.940 	 8.127 
 414.130 	 8.125 
 414.320 	 8.123 
 414.505 	 8.120 
 414.695 	 8.121 
 414.880 	 8.125 
 415.070 	 8.120 
 415.260 	 8.123 
 415.445 	 8.127 
 415.635 	 8.122 
 415.820 	 8.120 
 416.010 	 8.120 
 416.200 	 8.123 
 416.385 	 8.124 
 416.575 	 8.130 
 416.760 	 8.130 
 416.950 	 8.131 
 417.140 	 8.131 
 417.325 	 8.125 
 417.515 	 8.125 
 417.700 	 8.125 
 417.890 	 8.126 
 418.080 	 8.130 
 418.265 	 8.130 
 418.455 	 8.130 
 418.640 	 8.128 
 418.830 	 8.125 
 419.020 	 8.125 
 419.205 	 8.126 
 419.395 	 8.130 
 419.580 	 8.130 
 419.770 	 8.128 
 419.960 	 8.123 
 420.145 	 8.119 
 420.335 	 8.110 
 420.520 	 8.110 
 420.710 	 8.112 
 420.900 	 8.115 
 421.085 	 8.113 
 421.275 	 8.103 
 421.460 	 8.104 
 421.650 	 8.103 
 421.840 	 8.106 
 422.025 	 8.110 
 422.215 	 8.113 
 422.400 	 8.112 
 422.590 	 8.113 
 422.780 	 8.115 
 422.965 	 8.114 
 423.155 	 8.110 
 423.340 	 8.107 
 423.530 	 8.102 
 423.720 	 8.097 
 423.905 	 8.099 
 424.095 	 8.104 
 424.280 	 8.113 
 424.470 	 8.115 
 424.660 	 8.108 
 424.845 	 8.109 
 425.035 	 8.107 
 425.220 	 8.101 
 425.410 	 8.104 
 425.600 	 8.109 
 425.785 	 8.110 
 425.975 	 8.110 
 426.160 	 8.107 
 426.350 	 8.109 
 426.540 	 8.110 
 426.725 	 8.114 
 426.915 	 8.115 
 427.100 	 8.119 
 427.290 	 8.114 
 427.480 	 8.110 
 427.665 	 8.107 
 427.855 	 8.113 
 428.040 	 8.112 
 428.230 	 8.110 
 428.420 	 8.110 
 428.605 	 8.114 
 428.795 	 8.112 
 428.980 	 8.110 
 429.170 	 8.107 
 429.360 	 8.117 
 429.545 	 8.117 
 429.735 	 8.115 
 429.920 	 8.112 
 430.110 	 8.106 
 430.300 	 8.105 
 430.485 	 8.101 
 430.675 	 8.105 
 430.860 	 8.095 
 431.050 	 8.094 
 431.240 	 8.096 
 431.425 	 8.096 
 431.615 	 8.096 
 431.800 	 8.096 
 431.990 	 8.096 
 432.180 	 8.089 
 432.365 	 8.093 
 432.555 	 8.087 
 432.740 	 8.086 
 432.930 	 8.086 
 433.120 	 8.086 
 433.305 	 8.086 
 433.495 	 8.086 
 433.680 	 8.086 
 433.870 	 8.086 
 434.060 	 8.083 
 434.245 	 8.084 
 434.435 	 8.086 
 434.620 	 8.079 
 434.810 	 8.080 
 435.000 	 8.081 
 435.185 	 8.081 
 435.375 	 8.081 
 435.560 	 8.081 
 435.750 	 8.077 
 435.940 	 8.073 
 436.125 	 8.071 
 436.315 	 8.075 
 436.500 	 8.076 
 436.690 	 8.076 
 436.880 	 8.074 
 437.065 	 8.066 
 437.255 	 8.065 
 437.440 	 8.063 
 437.630 	 8.064 
 437.820 	 8.065 
 438.005 	 8.063 
 438.195 	 8.068 
 438.380 	 8.069 
 438.570 	 8.066 
 438.760 	 8.064 
 438.945 	 8.062 
 439.135 	 8.066 
 439.320 	 8.069 
 439.510 	 8.068 
 439.700 	 8.075 
 439.885 	 8.070 
 440.075 	 8.066 
 440.260 	 8.060 
 440.450 	 8.060 
 440.640 	 8.064 
 440.825 	 8.065 
 441.015 	 8.062 
 441.200 	 8.062 
 441.390 	 8.064 
 441.580 	 8.069 
 441.765 	 8.069 
 441.955 	 8.069 
 442.140 	 8.076 
 442.330 	 8.073 
 442.520 	 8.071 
 442.705 	 8.071 
 442.895 	 8.073 
 443.080 	 8.076 
 443.270 	 8.076 
 443.460 	 8.074 
 443.645 	 8.071 
 443.835 	 8.073 
 444.020 	 8.076 
 444.210 	 8.072 
 444.400 	 8.072 
 444.585 	 8.069 
 444.775 	 8.070 
 444.960 	 8.071 
 445.150 	 8.071 
 445.340 	 8.071 
 445.525 	 8.073 
 445.715 	 8.072 
 445.900 	 8.070 
 446.090 	 8.074 
 446.280 	 8.075 
 446.465 	 8.073 
 446.655 	 8.074 
 446.840 	 8.073 
 447.030 	 8.071 
 447.220 	 8.073 
 447.405 	 8.076 
 447.595 	 8.074 
 447.780 	 8.072 
 447.970 	 8.076 
 448.160 	 8.073 
 448.345 	 8.073 
 448.535 	 8.075 
 448.720 	 8.071 
 448.910 	 8.074 
 449.100 	 8.074 
 449.285 	 8.073 
 449.475 	 8.073 
 449.660 	 8.071 
 449.850 	 8.076 
 450.040 	 8.071 
 450.225 	 8.071 
 450.415 	 8.071 
 450.600 	 8.071 
 450.790 	 8.071 
 450.980 	 8.071 
 451.165 	 8.077 
 451.355 	 8.075 
 451.540 	 8.075 
 451.730 	 8.070 
 451.920 	 8.073 
 452.105 	 8.076 
 452.295 	 8.068 
 452.480 	 8.071 
 452.670 	 8.068 
 452.860 	 8.063 
 453.045 	 8.062 
 453.235 	 8.070 
 453.420 	 8.071 
 453.610 	 8.071 
 453.800 	 8.068 
 453.985 	 8.066 
 454.175 	 8.063 
 454.360 	 8.059 
 454.550 	 8.057 
 454.740 	 8.057 
 454.925 	 8.060 
 455.115 	 8.065 
 455.300 	 8.069 
 455.490 	 8.089 
 455.680 	 8.112 
 455.865 	 8.112 
 456.055 	 8.107 
 456.240 	 8.108 
 456.430 	 8.110 
 456.620 	 8.110 
 456.805 	 8.107 
 456.995 	 8.098 
 457.180 	 8.087 
 457.370 	 8.090 
 457.560 	 8.091 
 457.745 	 8.087 
 457.935 	 8.086 
 458.120 	 8.082 
 458.310 	 8.081 
 458.500 	 8.081 
 458.685 	 8.081 
 458.875 	 8.081 
 459.060 	 8.084 
 459.250 	 8.086 
 459.440 	 8.083 
 459.625 	 8.081 
 459.815 	 8.078 
 460.000 	 8.079 
 460.190 	 8.084 
 460.380 	 8.086 
 460.565 	 8.086 
 460.755 	 8.089 
 460.940 	 8.091 
 461.130 	 8.091 
 461.320 	 8.086 
 461.505 	 8.086 
 461.695 	 8.086 
 461.880 	 8.090 
 462.070 	 8.095 
 462.260 	 8.100 
 462.445 	 8.098 
 462.635 	 8.099 
 462.820 	 8.105 
 463.010 	 8.109 
 463.200 	 8.114 
 463.385 	 8.115 
 463.575 	 8.113 
 463.760 	 8.110 
 463.950 	 8.110 
 464.140 	 8.116 
 464.325 	 8.114 
 464.515 	 8.110 
 464.700 	 8.112 
 464.890 	 8.114 
 465.080 	 8.113 
 465.265 	 8.115 
 465.455 	 8.123 
 465.640 	 8.120 
 465.830 	 8.123 
 466.020 	 8.123 
 466.205 	 8.124 
 466.395 	 8.130 
 466.580 	 8.130 
 466.770 	 8.122 
 466.960 	 8.115 
 467.145 	 8.115 
 467.335 	 8.118 
 467.520 	 8.120 
 467.710 	 8.126 
 467.900 	 8.130 
 468.085 	 8.133 
 468.275 	 8.130 
 468.460 	 8.125 
 468.650 	 8.117 
 468.840 	 8.116 
 469.025 	 8.120 
 469.215 	 8.125 
 469.400 	 8.121 
 469.590 	 8.119 
 469.780 	 8.123 
 469.965 	 8.125 
 470.155 	 8.125 
 470.340 	 8.125 
 470.530 	 8.125 
 470.720 	 8.127 
 470.905 	 8.130 
 471.095 	 8.135 
 471.280 	 8.147 
 471.470 	 8.149 
 471.660 	 8.148 
 471.845 	 8.145 
 472.035 	 8.145 
 472.220 	 8.145 
 472.410 	 8.148 
 472.600 	 8.146 
 472.785 	 8.145 
 472.975 	 8.149 
 473.160 	 8.149 
 473.350 	 8.151 
 473.540 	 8.153 
 473.725 	 8.149 
 473.915 	 8.154 
 474.100 	 8.156 
 474.290 	 8.154 
 474.480 	 8.154 
 474.665 	 8.157 
 474.855 	 8.158 
 475.040 	 8.156 
 475.230 	 8.164 
 475.420 	 8.166 
 475.605 	 8.164 
 475.795 	 8.168 
 475.980 	 8.166 
 476.170 	 8.167 
 476.360 	 8.169 
 476.545 	 8.173 
 476.735 	 8.170 
 476.920 	 8.169 
 477.110 	 8.169 
 477.300 	 8.169 
 477.485 	 8.169 
 477.675 	 8.178 
 477.860 	 8.174 
 478.050 	 8.174 
 478.240 	 8.179 
 478.425 	 8.179 
 478.615 	 8.179 
 478.800 	 8.179 
 478.990 	 8.179 
 479.180 	 8.183 
 479.365 	 8.179 
 479.555 	 8.184 
 479.740 	 8.180 
 479.930 	 8.183 
 480.120 	 8.188 
 480.305 	 8.184 
 480.495 	 8.184 
 480.680 	 8.188 
 480.870 	 8.184 
 481.060 	 8.189 
 481.245 	 8.193 
 481.435 	 8.185 
 481.620 	 8.184 
 481.810 	 8.188 
 482.000 	 8.188 
 482.185 	 8.188 
 482.375 	 8.188 
 482.560 	 8.189 
 482.750 	 8.193 
 482.940 	 8.188 
 483.125 	 8.180 
 483.315 	 8.188 
 483.500 	 8.184 
 483.690 	 8.188 
 483.880 	 8.188 
 484.065 	 8.188 
 484.255 	 8.188 
 484.440 	 8.184 
 484.630 	 8.179 
 484.820 	 8.179 
 485.005 	 8.179 
 485.195 	 8.179 
 485.380 	 8.183 
 485.570 	 8.188 
 485.760 	 8.188 
 485.945 	 8.188 
 486.135 	 8.184 
 486.320 	 8.179 
 486.510 	 8.183 
 486.700 	 8.188 
 486.885 	 8.193 
 487.075 	 8.198 
 487.260 	 8.193 
 487.450 	 8.193 
 487.640 	 8.194 
 487.825 	 8.198 
 488.015 	 8.211 
 488.200 	 8.213 
 488.390 	 8.209 
 488.580 	 8.208 
 488.765 	 8.212 
 488.955 	 8.213 
 489.140 	 8.213 
 489.330 	 8.218 
 489.520 	 8.218 
 489.705 	 8.218 
 489.895 	 8.218 
 490.080 	 8.218 
 490.270 	 8.222 
 490.460 	 8.222 
 490.645 	 8.218 
 490.835 	 8.223 
 491.020 	 8.223 
 491.210 	 8.227 
 491.400 	 8.218 
 491.585 	 8.218 
 491.775 	 8.213 
 491.960 	 8.213 
 492.150 	 8.218 
 492.340 	 8.223 
 492.525 	 8.228 
 492.715 	 8.232 
 492.900 	 8.237 
 493.090 	 8.218 
 493.280 	 8.222 
 493.465 	 8.218 
 493.655 	 8.222 
 493.840 	 8.228 
 494.030 	 8.236 
 494.220 	 8.247 
 494.405 	 8.251 
 494.595 	 8.248 
 494.780 	 8.247 
 494.970 	 8.247 
 495.160 	 8.247 
 495.345 	 8.247 
 495.535 	 8.243 
 495.720 	 8.242 
 495.910 	 8.247 
 496.100 	 8.247 
 496.285 	 8.247 
 496.475 	 8.247 
 496.660 	 8.242 
 496.850 	 8.237 
 497.040 	 8.233 
 497.225 	 8.237 
 497.415 	 8.242 
 497.600 	 8.247 
 497.790 	 8.251 
 497.980 	 8.256 
 498.165 	 8.261 
 498.355 	 8.266 
 498.540 	 8.262 
 498.730 	 8.261 
 498.920 	 8.253 
 499.105 	 8.257 
 499.295 	 8.257 
 499.480 	 8.262 
 499.670 	 8.266 
 499.860 	 8.266 
 500.045 	 8.262 
 500.235 	 8.262 
 500.420 	 8.262 
 500.610 	 8.262 
 500.800 	 8.262 
 500.985 	 8.266 
 501.175 	 8.267 
 501.360 	 8.267 
 501.550 	 8.267 
 501.740 	 8.271 
 501.925 	 8.271 
 502.115 	 8.263 
 502.300 	 8.275 
 502.490 	 8.272 
 502.680 	 8.276 
 502.865 	 8.276 
 503.055 	 8.272 
 503.240 	 8.271 
 503.430 	 8.271 
 503.620 	 8.267 
 503.805 	 8.271 
 503.995 	 8.271 
 504.180 	 8.276 
 504.370 	 8.276 
 504.560 	 8.271 
 504.745 	 8.267 
 504.935 	 8.271 
 505.120 	 8.271 
 505.310 	 8.276 
 505.500 	 8.276 
 505.685 	 8.281 
 505.875 	 8.281 
 506.060 	 8.281 
 506.250 	 8.286 
 506.440 	 8.286 
 506.625 	 8.286 
 506.815 	 8.290 
 507.000 	 8.287 
 507.190 	 8.295 
 507.380 	 8.296 
 507.565 	 8.300 
 507.755 	 8.286 
 507.940 	 8.286 
 508.130 	 8.291 
 508.320 	 8.296 
 508.505 	 8.296 
 508.695 	 8.296 
 508.880 	 8.291 
 509.070 	 8.291 
 509.260 	 8.296 
 509.445 	 8.296 
 509.635 	 8.301 
 509.820 	 8.301 
 510.010 	 8.301 
 510.200 	 8.301 
 510.385 	 8.305 
 510.575 	 8.310 
 510.760 	 8.306 
 510.950 	 8.310 
 511.140 	 8.306 
 511.325 	 8.306 
 511.515 	 8.306 
 511.700 	 8.311 
 511.890 	 8.315 
 512.080 	 8.311 
 512.265 	 8.311 
 512.455 	 8.311 
 512.640 	 8.311 
 512.830 	 8.306 
 513.020 	 8.306 
 513.205 	 8.311 
 513.395 	 8.311 
 513.580 	 8.311 
 513.770 	 8.311 
 513.960 	 8.315 
 514.145 	 8.315 
 514.335 	 8.315 
 514.520 	 8.315 
 514.710 	 8.311 
 514.900 	 8.311 
 515.085 	 8.311 
 515.275 	 8.316 
 515.460 	 8.320 
 515.650 	 8.325 
 515.840 	 8.325 
 516.025 	 8.330 
 516.215 	 8.325 
 516.400 	 8.330 
 516.590 	 8.330 
 516.780 	 8.330 
 516.965 	 8.330 
 517.155 	 8.330 
 517.340 	 8.331 
 517.530 	 8.333 
 517.720 	 8.332 
 517.905 	 8.333 
 518.095 	 8.335 
 518.280 	 8.335 
 518.470 	 8.331 
 518.660 	 8.334 
 518.845 	 8.332 
 519.035 	 8.334 
 519.220 	 8.335 
 519.410 	 8.335 
 519.600 	 8.335 
 519.785 	 8.339 
 519.975 	 8.340 
 520.160 	 8.340 
 520.350 	 8.343 
 520.540 	 8.342 
 520.725 	 8.336 
 520.915 	 8.335 
 521.100 	 8.335 
 521.290 	 8.339 
 521.480 	 8.340 
 521.665 	 8.344 
 521.855 	 8.341 
 522.040 	 8.340 
 522.230 	 8.340 
 522.420 	 8.340 
 522.605 	 8.340 
 522.795 	 8.338 
 522.980 	 8.333 
 523.170 	 8.333 
 523.360 	 8.335 
 523.545 	 8.335 
 523.735 	 8.335 
 523.920 	 8.338 
 524.110 	 8.343 
 524.300 	 8.349 
 524.485 	 8.343 
 524.675 	 8.340 
 524.860 	 8.337 
 525.050 	 8.331 
 525.240 	 8.334 
 525.425 	 8.335 
 525.615 	 8.335 
 525.800 	 8.335 
 525.990 	 8.335 
 526.180 	 8.335 
 526.365 	 8.339 
 526.555 	 8.346 
 526.740 	 8.354 
 526.930 	 8.361 
 527.120 	 8.364 
 527.305 	 8.368 
 527.495 	 8.367 
 527.680 	 8.360 
 527.870 	 8.352 
 528.060 	 8.346 
 528.245 	 8.341 
 528.435 	 8.332 
 528.620 	 8.340 
 528.810 	 8.340 
 529.000 	 8.336 
 529.185 	 8.332 
 529.375 	 8.330 
 529.560 	 8.330 
 529.750 	 8.335 
 529.940 	 8.335 
 530.125 	 8.345 
 530.315 	 8.349 
 530.500 	 8.350 
 530.690 	 8.354 
 530.880 	 8.358 
 531.065 	 8.359 
 531.255 	 8.363 
 531.440 	 8.369 
 531.630 	 8.373 
 531.820 	 8.374 
 532.005 	 8.379 
 532.195 	 8.380 
 532.380 	 8.382 
 532.570 	 8.374 
 532.760 	 8.374 
 532.945 	 8.374 
 533.135 	 8.375 
 533.320 	 8.379 
 533.510 	 8.374 
 533.700 	 8.374 
 533.885 	 8.374 
 534.075 	 8.374 
 534.260 	 8.374 
 534.450 	 8.374 
 534.640 	 8.379 
 534.825 	 8.375 
 535.015 	 8.369 
 535.200 	 8.374 
 535.390 	 8.378 
 535.580 	 8.379 
 535.765 	 8.383 
 535.955 	 8.379 
 536.140 	 8.375 
 536.330 	 8.369 
 536.520 	 8.369 
 536.705 	 8.369 
 536.895 	 8.369 
 537.080 	 8.373 
 537.270 	 8.366 
 537.460 	 8.373 
 537.645 	 8.361 
 537.835 	 8.369 
 538.020 	 8.364 
 538.210 	 8.364 
 538.400 	 8.361 
 538.585 	 8.362 
 538.775 	 8.368 
 538.960 	 8.369 
 539.150 	 8.369 
 539.340 	 8.369 
 539.525 	 8.369 
 539.715 	 8.364 
 539.900 	 8.375 
 540.090 	 8.386 
 540.280 	 8.385 
 540.465 	 8.388 
 540.655 	 8.389 
 540.840 	 8.389 
 541.030 	 8.401 
 541.220 	 8.396 
 541.405 	 8.394 
 541.595 	 8.397 
 541.780 	 8.403 
 541.970 	 8.403 
 542.160 	 8.408 
 542.345 	 8.408 
 542.535 	 8.408 
 542.720 	 8.408 
 542.910 	 8.415 
 543.100 	 8.414 
 543.285 	 8.417 
 543.475 	 8.418 
 543.660 	 8.425 
 543.850 	 8.428 
 544.040 	 8.437 
 544.225 	 8.437 
 544.415 	 8.437 
 544.600 	 8.441 
 544.790 	 8.447 
 544.980 	 8.447 
 545.165 	 8.447 
 545.355 	 8.447 
 545.540 	 8.447 
 545.730 	 8.451 
 545.920 	 8.455 
 546.105 	 8.454 
 546.295 	 8.459 
 546.480 	 8.466 
 546.670 	 8.467 
 546.860 	 8.470 
 547.045 	 8.484 
 547.235 	 8.486 
 547.420 	 8.486 
 547.610 	 8.486 
 547.800 	 8.482 
 547.985 	 8.486 
 548.175 	 8.496 
 548.360 	 8.498 
 548.550 	 8.508 
 548.740 	 8.506 
 548.925 	 8.520 
 549.115 	 8.520 
 549.300 	 8.516 
 549.490 	 8.519 
 549.680 	 8.529 
 549.865 	 8.544 
 550.055 	 8.561 
 550.240 	 8.573 
 550.430 	 8.590 
 550.620 	 8.606 
 550.805 	 8.619 
 550.995 	 8.623 
 551.180 	 8.623 
 551.370 	 8.619 
 551.560 	 8.618 
 551.745 	 8.612 
 551.935 	 8.605 
 552.120 	 8.594 
 552.310 	 8.583 
 552.500 	 8.576 
 552.685 	 8.551 
 552.875 	 8.549 
 553.060 	 8.521 
 553.250 	 8.525 
 553.440 	 8.512 
 553.625 	 8.487 
 553.815 	 8.479 
 554.000 	 8.471 
 554.190 	 8.465 
 554.380 	 8.447 
 554.565 	 8.437 
 554.755 	 8.428 
 554.940 	 8.426 
 555.130 	 8.425 
 555.320 	 8.423 
 555.505 	 8.391 
 555.695 	 8.383 
 555.880 	 8.373 
 556.070 	 8.366 
 556.260 	 8.352 
 556.445 	 8.342 
 556.635 	 8.332 
 556.820 	 8.316 
 557.010 	 8.308 
 557.200 	 8.297 
 557.385 	 8.294 
 557.575 	 8.283 
 557.760 	 8.276 
 557.950 	 8.267 
 558.140 	 8.252 
 558.325 	 8.252 
 558.515 	 8.241 
 558.700 	 8.223 
 558.890 	 8.222 
 559.080 	 8.219 
 559.265 	 8.212 
 559.455 	 8.196 
 559.640 	 8.198 
 559.830 	 8.189 
 560.020 	 8.188 
 560.205 	 8.174 
 560.395 	 8.173 
 560.580 	 8.168 
 560.770 	 8.160 
 560.960 	 8.161 
 561.145 	 8.147 
 561.335 	 8.154 
 561.520 	 8.139 
 561.710 	 8.132 
 561.900 	 8.121 
 562.085 	 8.108 
 562.275 	 8.095 
 562.460 	 8.083 
 562.650 	 8.076 
 562.840 	 8.071 
 563.025 	 8.068 
 563.215 	 8.057 
 563.400 	 8.047 
 563.590 	 8.047 
 563.780 	 8.039 
 563.965 	 8.037 
 564.155 	 8.042 
 564.340 	 8.038 
 564.530 	 8.025 
 564.720 	 8.004 
 564.905 	 7.999 
 565.095 	 8.002 
 565.280 	 7.995 
 565.470 	 7.987 
 565.660 	 7.983 
 565.845 	 7.977 
 566.035 	 7.974 
 566.220 	 7.976 
 566.410 	 7.988 
 566.600 	 8.015 
 566.785 	 8.039 
 566.975 	 8.066 
 567.160 	 8.073 
 567.350 	 8.096 
 567.540 	 8.096 
 567.725 	 8.096 
 567.915 	 8.102 
 568.100 	 8.107 
 568.290 	 8.115 
 568.480 	 8.113 
 568.665 	 8.101 
 568.855 	 8.099 
 569.040 	 8.086 
 569.230 	 8.074 
 569.420 	 8.086 
 569.605 	 8.084 
 569.795 	 8.075 
 569.980 	 8.070 
 570.170 	 8.066 
 570.360 	 8.064 
 570.545 	 8.052 
 570.735 	 8.029 
 570.920 	 8.032 
 571.110 	 8.040 
 571.300 	 8.054 
 571.485 	 8.068 
 571.675 	 8.078 
 571.860 	 8.082 
 572.050 	 8.088 
 572.240 	 8.091 
 572.425 	 8.091 
 572.615 	 8.093 
 572.800 	 8.099 
 572.990 	 8.096 
 573.180 	 8.097 
 573.365 	 8.101 
 573.555 	 8.101 
 573.740 	 8.096 
 573.930 	 8.096 
 574.120 	 8.097 
 574.305 	 8.100 
 574.495 	 8.096 
 574.680 	 8.097 
 574.870 	 8.099 
 575.060 	 8.096 
 575.245 	 8.097 
 575.435 	 8.101 
 575.620 	 8.101 
 575.810 	 8.098 
 576.000 	 8.096 
 576.185 	 8.104 
 576.375 	 8.099 
 576.560 	 8.096 
 576.750 	 8.096 
 576.940 	 8.096 
 577.125 	 8.096 
 577.315 	 8.096 
 577.500 	 8.097 
 577.690 	 8.099 
 577.880 	 8.097 
 578.065 	 8.102 
 578.255 	 8.104 
 578.440 	 8.099 
 578.630 	 8.097 
 578.820 	 8.101 
 579.005 	 8.101 
 579.195 	 8.101 
 579.380 	 8.101 
 579.570 	 8.099 
 579.760 	 8.098 
 579.945 	 8.105 
 580.135 	 8.105 
 580.320 	 8.101 
 580.510 	 8.102 
 580.700 	 8.104 
 580.885 	 8.102 
 581.075 	 8.109 
 581.260 	 8.118 
 581.450 	 8.130 
 581.640 	 8.142 
 581.825 	 8.153 
 582.015 	 8.147 
 582.200 	 8.124 
 582.390 	 8.111 
 582.580 	 8.097 
 582.765 	 8.058 
 582.955 	 8.062 
 583.140 	 8.064 
 583.330 	 8.075 
 583.520 	 8.081 
 583.705 	 8.089 
 583.895 	 8.101 
 584.080 	 8.102 
 584.270 	 8.105 
 584.460 	 8.104 
 584.645 	 8.101 
 584.835 	 8.101 
 585.020 	 8.101 
 585.210 	 8.101 
 585.400 	 8.101 
 585.585 	 8.101 
 585.775 	 8.101 
 585.960 	 8.101 
 586.150 	 8.101 
 586.340 	 8.102 
 586.525 	 8.104 
 586.715 	 8.101 
 586.900 	 8.101 
 587.090 	 8.102 
 587.280 	 8.104 
 587.465 	 8.102 
 587.655 	 8.105 
 587.840 	 8.104 
 588.030 	 8.101 
 588.220 	 8.103 
 588.405 	 8.110 
 588.595 	 8.110 
 588.780 	 8.110 
 588.970 	 8.107 
 589.160 	 8.101 
 589.345 	 8.101 
 589.535 	 8.103 
 589.720 	 8.110 
 589.910 	 8.109 
 590.100 	 8.105 
 590.285 	 8.104 
 590.475 	 8.104 
 590.660 	 8.106 
 590.850 	 8.097 
 591.040 	 8.102 
 591.225 	 8.107 
 591.415 	 8.109 
 591.600 	 8.105 
 591.790 	 8.107 
 591.980 	 8.110 
 592.165 	 8.109 
 592.355 	 8.105 
 592.540 	 8.105 
 592.730 	 8.106 
 592.920 	 8.110 
 593.105 	 8.113 
 593.295 	 8.117 
 593.480 	 8.104 
 593.670 	 8.079 
 593.860 	 8.051 
 594.045 	 8.014 
 594.235 	 7.977 
 594.420 	 7.979 
 594.610 	 8.002 
 594.800 	 8.018 
 594.985 	 8.038 
 595.175 	 8.063 
 595.360 	 8.073 
 595.550 	 8.088 
 595.740 	 8.096 
 595.925 	 8.108 
 596.115 	 8.110 
 596.300 	 8.108 
 596.490 	 8.108 
 596.680 	 8.112 
 596.865 	 8.105 
 597.055 	 8.107 
 597.240 	 8.112 
 597.430 	 8.112 
 597.620 	 8.109 
 597.805 	 8.114 
 597.995 	 8.112 
 598.180 	 8.114 
 598.370 	 8.109 
 598.560 	 8.107 
 598.745 	 8.110 
 598.935 	 8.112 
 599.120 	 8.112 
 599.310 	 8.106 
 599.500 	 8.114 
 599.685 	 8.111 
 599.875 	 8.114 
 600.060 	 8.110 
 600.250 	 8.111 
 600.440 	 8.114 
 600.625 	 8.110 
 600.815 	 8.110 
 601.000 	 8.110 
 601.190 	 8.110 
 601.380 	 8.110 
 601.565 	 8.110 
 601.755 	 8.110 
 601.940 	 8.110 
 602.130 	 8.110 
 602.320 	 8.110 
 602.505 	 8.110 
 602.695 	 8.110 
 602.880 	 8.110 
 603.070 	 8.112 
 603.260 	 8.117 
 603.445 	 8.120 
 603.635 	 8.116 
 603.820 	 8.115 
 604.010 	 8.115 
 604.200 	 8.115 
 604.385 	 8.117 
 604.575 	 8.120 
 604.760 	 8.122 
 604.950 	 8.133 
 605.140 	 8.148 
 605.325 	 8.163 
 605.515 	 8.190 
 605.700 	 8.209 
 605.890 	 8.230 
 606.080 	 8.233 
 606.265 	 8.206 
 606.455 	 8.163 
 606.640 	 8.118 
 606.830 	 8.093 
 607.020 	 8.086 
 607.205 	 8.086 
 607.395 	 8.093 
 607.580 	 8.102 
 607.770 	 8.105 
 607.960 	 8.111 
 608.145 	 8.114 
 608.335 	 8.111 
 608.520 	 8.111 
 608.710 	 8.114 
 608.900 	 8.110 
 609.085 	 8.113 
 609.275 	 8.118 
 609.460 	 8.112 
 609.650 	 8.120 
 609.840 	 8.112 
 610.025 	 8.115 
 610.215 	 8.120 
 610.400 	 8.116 
 610.590 	 8.120 
 610.780 	 8.119 
 610.965 	 8.114 
 611.155 	 8.110 
 611.340 	 8.106 
 611.530 	 8.111 
 611.720 	 8.115 
 611.905 	 8.115 
 612.095 	 8.115 
 612.280 	 8.115 
 612.470 	 8.115 
 612.660 	 8.116 
 612.845 	 8.119 
 613.035 	 8.115 
 613.220 	 8.115 
 613.410 	 8.115 
 613.600 	 8.116 
 613.785 	 8.120 
 613.975 	 8.116 
 614.160 	 8.119 
 614.350 	 8.120 
 614.540 	 8.116 
 614.725 	 8.119 
 614.915 	 8.115 
 615.100 	 8.115 
 615.290 	 8.115 
 615.480 	 8.115 
 615.665 	 8.111 
 615.855 	 8.115 
 616.040 	 8.115 
 616.230 	 8.112 
 616.420 	 8.121 
 616.605 	 8.125 
 616.795 	 8.125 
 616.980 	 8.137 
 617.170 	 8.150 
 617.360 	 8.164 
 617.545 	 8.176 
 617.735 	 8.179 
 617.920 	 8.171 
 618.110 	 8.153 
 618.300 	 8.143 
 618.485 	 8.135 
 618.675 	 8.122 
 618.860 	 8.110 
 619.050 	 8.098 
 619.240 	 8.093 
 619.425 	 8.097 
 619.615 	 8.103 
 619.800 	 8.090 
 619.990 	 8.080 
 620.180 	 8.079 
 620.365 	 8.064 
 620.555 	 8.045 
 620.740 	 7.979 
 620.930 	 7.948 
 621.120 	 7.947 
 621.305 	 7.938 
 621.495 	 7.923 
 621.680 	 7.925 
 621.870 	 7.924 
 622.060 	 7.915 
 622.245 	 7.913 
 622.435 	 7.910 
 622.620 	 7.910 
 622.810 	 7.908 
 623.000 	 7.907 
 623.185 	 7.906 
 623.375 	 7.900 
 623.560 	 7.898 
 623.750 	 7.898 
 623.940 	 7.898 
 624.125 	 7.898 
 624.315 	 7.900 
 624.500 	 7.898 
 624.690 	 7.896 
 624.880 	 7.893 
 625.065 	 7.893 
 625.255 	 7.896 
 625.440 	 7.898 
 625.630 	 7.896 
 625.820 	 7.895 
 626.005 	 7.898 
 626.195 	 7.893 
 626.380 	 7.893 
 626.570 	 7.893 
 626.760 	 7.895 
 626.945 	 7.900 
 627.135 	 7.900 
 627.320 	 7.900 
 627.510 	 7.903 
 627.700 	 7.903 
 627.885 	 7.900 
 628.075 	 7.905 
 628.260 	 7.910 
 628.450 	 7.908 
 628.640 	 7.905 
 628.825 	 7.905 
 629.015 	 7.905 
 629.200 	 7.903 
 629.390 	 7.905 
 629.580 	 7.909 
 629.765 	 7.907 
 629.955 	 7.908 
 630.140 	 7.905 
 630.330 	 7.905 
 630.520 	 7.905 
 630.705 	 7.905 
 630.895 	 7.905 
 631.080 	 7.903 
 631.270 	 7.903 
 631.460 	 7.903 
 631.645 	 7.904 
 631.835 	 7.908 
 632.020 	 7.905 
 632.210 	 7.905 
 632.400 	 7.905 
 632.585 	 7.903 
 632.775 	 7.900 
 632.960 	 7.903 
 633.150 	 7.910 
 633.340 	 7.908 
 633.525 	 7.905 
 633.715 	 7.905 
 633.900 	 7.905 
 634.090 	 7.908 
 634.280 	 7.910 
 634.465 	 7.908 
 634.655 	 7.908 
 634.840 	 7.910 
 635.030 	 7.905 
 635.220 	 7.903 
 635.405 	 7.904 
 635.595 	 7.903 
 635.780 	 7.903 
 635.970 	 7.903 
 636.160 	 7.905 
 636.345 	 7.903 
 636.535 	 7.903 
 636.720 	 7.905 
 636.910 	 7.903 
 637.100 	 7.900 
 637.285 	 7.903 
 637.475 	 7.902 
 637.660 	 7.904 
 637.850 	 7.905 
 638.040 	 7.911 
 638.225 	 7.913 
 638.415 	 7.910 
 638.600 	 7.905 
 638.790 	 7.900 
 638.980 	 7.903 
 639.165 	 7.908 
 639.355 	 7.907 
 639.540 	 7.905 
 639.730 	 7.905 
 639.920 	 7.904 
 640.105 	 7.903 
 640.295 	 7.909 
 640.480 	 7.907 
 640.670 	 7.908 
 640.860 	 7.905 
 641.045 	 7.905 
 641.235 	 7.908 
 641.420 	 7.910 
 641.610 	 7.910 
 641.800 	 7.910 
 641.985 	 7.908 
 642.175 	 7.908 
 642.360 	 7.910 
 642.550 	 7.907 
 642.740 	 7.905 
 642.925 	 7.905 
 643.115 	 7.905 
 643.300 	 7.905 
 643.490 	 7.906 
 643.680 	 7.910 
 643.865 	 7.909 
 644.055 	 7.905 
 644.240 	 7.908 
 644.430 	 7.907 
 644.620 	 7.901 
 644.805 	 7.900 
 644.995 	 7.905 
 645.180 	 7.904 
 645.370 	 7.906 
 645.560 	 7.910 
 645.745 	 7.910 
 645.935 	 7.905 
 646.120 	 7.909 
 646.310 	 7.909 
 646.500 	 7.905 
 646.685 	 7.909 
 646.875 	 7.908 
 647.060 	 7.910 
 647.250 	 7.911 
 647.440 	 7.918 
 647.625 	 7.929 
 647.815 	 7.956 
 648.000 	 7.979 
 648.190 	 7.186 
 648.380 	 5.326 
 648.565 	 5.337 
 648.755 	 5.346 
 648.940 	 5.342 
 649.130 	 5.332 
 649.320 	 5.344 
 649.505 	 5.355 
 649.695 	 5.390 
 649.880 	 5.440 
 650.070 	 5.490 
 650.260 	 5.569 
 650.445 	 5.726 
 650.635 	 5.888 
 650.820 	 5.935 
 651.010 	 5.975 
 651.200 	 6.049 
 651.385 	 6.056 
