Y:\IMPROVED DATABASE\BOSCORF PROJECTS DATA\Soutter_E_(2022)_JC36\ITRAX\JC36\JC36_74_1\JC36_74_1REP2\XRF data     10/02/2022  re-evaluated data
peakarea
filename	position (mm)	sample surface	validity	E-gain	E-offset	F-slope	F-offset	cps	MSE	Al	Si	P	S	Cl	Ar	K	Ca	Ti	V	Cr	Mn	Fe	Co	Ni	Cu	Zn	Ga	As	Br	Rb	Sr	Y	Zr	Sb	Ba	Ce	Sm	Ta	W	Pb	Fe a*2	Fe a+b	S1	S2	S3	Mo inc	Mo coh	Dt	
Y:\IMPROVED DATABASE\BOSCORF PROJECTS DATA\Soutter_E_(2022)_JC36\ITRAX\JC36\JC36_74_1\JC36_74_1REP2\XRF data\L000000.spe	200.00	7.35	0	0.010270	-0.010164	0.009073	0.081458	73109	1.80	70	1073	0	104	3907	826	4800	98778	2560	168	717	930	53284	373	642	101	339	169	0	948	1018	9474	208	2147	363	19	107	176	1521	4244	200	63	372	428	283	0	81436	22898	0.170	
Y:\IMPROVED DATABASE\BOSCORF PROJECTS DATA\Soutter_E_(2022)_JC36\ITRAX\JC36\JC36_74_1\JC36_74_1REP2\XRF data\L000001.spe	202.00	7.36	0	0.010270	-0.010164	0.009073	0.081458	72004	1.73	12	1222	0	122	3790	842	4761	91077	2475	169	717	819	50683	211	639	108	256	72	0	1003	1111	8978	120	1494	487	104	102	254	1495	4040	301	208	272	443	271	73	83166	23417	0.171	
Y:\IMPROVED DATABASE\BOSCORF PROJECTS DATA\Soutter_E_(2022)_JC36\ITRAX\JC36\JC36_74_1\JC36_74_1REP2\XRF data\L000002.spe	204.00	7.35	0	0.010270	-0.010164	0.009073	0.081458	74170	1.78	62	1387	0	134	3827	835	4363	102743	2782	132	780	918	47141	142	690	18	89	58	0	994	1189	9440	113	1705	470	18	109	242	1478	4106	40	339	122	358	176	239	85361	24778	0.172	
Y:\IMPROVED DATABASE\BOSCORF PROJECTS DATA\Soutter_E_(2022)_JC36\ITRAX\JC36\JC36_74_1\JC36_74_1REP2\XRF data\L000003.spe	206.00	7.35	0	0.010270	-0.010164	0.009073	0.081458	74672	1.71	66	1403	0	129	3577	803	5448	104858	2483	130	783	787	54957	0	677	76	298	86	0	1182	1386	9964	0	2419	495	45	87	206	1327	4369	194	392	175	648	348	262	83235	25299	0.170	
Y:\IMPROVED DATABASE\BOSCORF PROJECTS DATA\Soutter_E_(2022)_JC36\ITRAX\JC36\JC36_74_1\JC36_74_1REP2\XRF data\L000004.spe	208.00	7.36	1	0.010270	-0.010164	0.009073	0.081458	73139	1.78	79	1346	0	126	3319	627	5123	94933	2118	183	687	818	54164	597	569	40	252	95	0	1045	1302	9884	148	2271	394	148	40	181	1229	3985	204	169	290	215	335	0	83029	23780	0.171	
Y:\IMPROVED DATABASE\BOSCORF PROJECTS DATA\Soutter_E_(2022)_JC36\ITRAX\JC36\JC36_74_1\JC36_74_1REP2\XRF data\L000005.spe	210.00	7.36	1	0.010270	-0.010164	0.009073	0.081458	73880	1.60	50	1462	0	117	3597	743	4501	91056	1860	103	1228	791	48887	413	674	60	271	110	0	996	1101	9927	33	2173	415	18	93	193	1208	4215	203	221	346	328	111	0	85334	24218	0.174	
Y:\IMPROVED DATABASE\BOSCORF PROJECTS DATA\Soutter_E_(2022)_JC36\ITRAX\JC36\JC36_74_1\JC36_74_1REP2\XRF data\L000006.spe	212.00	7.34	1	0.010270	-0.010164	0.009073	0.081458	72069	1.58	81	1725	0	103	3413	624	3937	80503	2963	169	614	947	39830	470	684	0	115	82	0	1054	1106	8281	79	2100	311	11	129	219	1339	4136	115	31	122	48	249	0	87468	24048	0.176	
Y:\IMPROVED DATABASE\BOSCORF PROJECTS DATA\Soutter_E_(2022)_JC36\ITRAX\JC36\JC36_74_1\JC36_74_1REP2\XRF data\L000007.spe	214.00	7.32	0	0.010270	-0.010164	0.009073	0.081458	72819	1.67	90	1810	0	87	3723	816	4007	76809	3336	185	1379	892	39712	122	669	91	367	101	0	898	1133	8086	0	2538	418	54	132	252	1484	4280	86	46	289	266	121	200	88132	25383	0.177	
Y:\IMPROVED DATABASE\BOSCORF PROJECTS DATA\Soutter_E_(2022)_JC36\ITRAX\JC36\JC36_74_1\JC36_74_1REP2\XRF data\L000008.spe	216.00	7.32	1	0.010270	-0.010164	0.009073	0.081458	75427	1.69	82	2310	0	45	3362	632	4530	87544	2071	144	929	865	45989	149	621	39	295	136	0	880	1005	8602	0	3084	324	68	77	152	1376	4556	334	371	430	329	267	127	88261	23976	0.177	
Y:\IMPROVED DATABASE\BOSCORF PROJECTS DATA\Soutter_E_(2022)_JC36\ITRAX\JC36\JC36_74_1\JC36_74_1REP2\XRF data\L000009.spe	218.00	7.34	1	0.010270	-0.010164	0.009073	0.081458	71839	1.77	83	2354	0	77	3109	745	4170	82631	2110	175	720	684	40077	220	725	0	282	202	0	786	1070	8442	218	1880	350	94	88	199	1406	4679	313	295	466	214	240	130	86825	25272	0.175	
Y:\IMPROVED DATABASE\BOSCORF PROJECTS DATA\Soutter_E_(2022)_JC36\ITRAX\JC36\JC36_74_1\JC36_74_1REP2\XRF data\L000010.spe	220.00	7.34	1	0.010270	-0.010164	0.009073	0.081458	73389	1.58	45	1740	0	71	3991	658	3629	72806	1989	167	691	739	42989	104	623	0	240	31	0	949	1201	8651	0	1663	365	60	63	252	1738	4385	119	166	329	353	109	200	88444	23417	0.177	
Y:\IMPROVED DATABASE\BOSCORF PROJECTS DATA\Soutter_E_(2022)_JC36\ITRAX\JC36\JC36_74_1\JC36_74_1REP2\XRF data\L000011.spe	222.00	7.34	1	0.010270	-0.010164	0.009073	0.081458	75305	1.63	36	1339	0	111	4484	831	4359	82959	2999	164	1126	803	56145	97	857	143	409	120	0	923	1430	9697	88	2592	412	26	136	195	1482	4401	99	213	218	260	340	366	86465	22033	0.174	
Y:\IMPROVED DATABASE\BOSCORF PROJECTS DATA\Soutter_E_(2022)_JC36\ITRAX\JC36\JC36_74_1\JC36_74_1REP2\XRF data\L000012.spe	224.00	7.33	1	0.010270	-0.010164	0.009073	0.081458	76781	1.64	32	744	0	148	5156	669	4330	87797	2980	149	821	937	56834	65	705	0	277	39	0	1156	1273	10625	32	1814	355	30	89	170	1604	4023	97	327	405	497	257	330	88004	26219	0.174	
Y:\IMPROVED DATABASE\BOSCORF PROJECTS DATA\Soutter_E_(2022)_JC36\ITRAX\JC36\JC36_74_1\JC36_74_1REP2\XRF data\L000013.spe	226.00	7.32	1	0.010270	-0.010164	0.009073	0.081458	75736	1.61	86	838	0	130	4667	681	4182	93674	2623	164	782	859	50068	304	662	127	293	0	0	1201	1415	10634	0	2285	439	7	114	153	1364	4273	223	362	128	324	312	29	86144	24572	0.174	
Y:\IMPROVED DATABASE\BOSCORF PROJECTS DATA\Soutter_E_(2022)_JC36\ITRAX\JC36\JC36_74_1\JC36_74_1REP2\XRF data\L000014.spe	228.00	7.32	1	0.010270	-0.010164	0.009073	0.081458	74795	1.59	41	809	0	141	4943	646	3964	80261	2257	180	757	1221	49360	83	751	114	402	28	0	1008	1363	10550	198	2489	383	0	161	245	1599	4020	205	240	0	354	197	317	87794	25094	0.176	
Y:\IMPROVED DATABASE\BOSCORF PROJECTS DATA\Soutter_E_(2022)_JC36\ITRAX\JC36\JC36_74_1\JC36_74_1REP2\XRF data\L000015.spe	230.00	7.32	1	0.010270	-0.010164	0.009073	0.081458	76218	1.58	68	1428	0	103	4262	709	4861	97535	2764	77	650	972	46553	250	678	151	253	219	0	1131	1163	10182	85	2978	472	58	118	174	1479	4021	181	207	236	152	241	68	88865	25644	0.175	
Y:\IMPROVED DATABASE\BOSCORF PROJECTS DATA\Soutter_E_(2022)_JC36\ITRAX\JC36\JC36_74_1\JC36_74_1REP2\XRF data\L000016.spe	232.00	7.30	1	0.010270	-0.010164	0.009073	0.081458	74517	1.61	82	859	0	201	4997	693	3730	77344	2207	235	842	800	44432	45	666	95	324	173	0	969	1213	9838	0	2175	411	22	100	203	1392	4203	95	200	334	320	263	305	87328	22806	0.176	
Y:\IMPROVED DATABASE\BOSCORF PROJECTS DATA\Soutter_E_(2022)_JC36\ITRAX\JC36\JC36_74_1\JC36_74_1REP2\XRF data\L000017.spe	234.00	7.29	1	0.010270	-0.010164	0.009073	0.081458	73908	1.57	73	943	0	157	5231	654	3427	77582	1528	128	878	740	35635	243	746	76	65	46	0	1140	1113	9556	259	2244	344	52	125	174	1515	4416	136	457	370	134	59	0	89920	25486	0.178	
Y:\IMPROVED DATABASE\BOSCORF PROJECTS DATA\Soutter_E_(2022)_JC36\ITRAX\JC36\JC36_74_1\JC36_74_1REP2\XRF data\L000018.spe	236.00	7.28	1	0.010270	-0.010164	0.009073	0.081458	74082	1.61	85	1357	0	171	4654	649	3437	75047	2659	176	944	683	37452	271	887	0	36	79	0	979	1256	9075	0	1703	320	11	110	228	1730	4373	80	188	238	170	196	0	90181	21880	0.179	
Y:\IMPROVED DATABASE\BOSCORF PROJECTS DATA\Soutter_E_(2022)_JC36\ITRAX\JC36\JC36_74_1\JC36_74_1REP2\XRF data\L000019.spe	238.00	7.28	1	0.010270	-0.010164	0.009073	0.081458	73427	1.54	57	948	0	158	5057	672	3220	67116	1547	169	806	779	40337	333	777	104	202	127	0	1191	1142	9748	0	838	338	0	133	185	1568	4079	210	270	271	311	315	0	91725	25580	0.178	
Y:\IMPROVED DATABASE\BOSCORF PROJECTS DATA\Soutter_E_(2022)_JC36\ITRAX\JC36\JC36_74_1\JC36_74_1REP2\XRF data\L000020.spe	240.00	7.28	1	0.010270	-0.010164	0.009073	0.081458	74062	1.60	58	1188	0	167	5162	745	3388	78021	883	147	671	716	33694	415	765	33	367	152	0	804	1282	9356	0	1206	312	10	134	234	1515	4716	142	308	91	130	157	0	89607	23223	0.179	
Y:\IMPROVED DATABASE\BOSCORF PROJECTS DATA\Soutter_E_(2022)_JC36\ITRAX\JC36\JC36_74_1\JC36_74_1REP2\XRF data\L000021.spe	242.00	7.27	1	0.010270	-0.010164	0.009073	0.081458	72768	1.71	54	923	0	139	5361	691	3384	68177	879	140	1146	643	28049	287	776	88	230	321	0	1055	1290	8791	0	1197	317	0	85	196	1565	4782	203	213	156	80	255	0	92140	24472	0.180	
Y:\IMPROVED DATABASE\BOSCORF PROJECTS DATA\Soutter_E_(2022)_JC36\ITRAX\JC36\JC36_74_1\JC36_74_1REP2\XRF data\L000022.spe	244.00	7.26	1	0.010270	-0.010164	0.009073	0.081458	72538	1.66	50	893	0	136	5027	691	3237	60174	1518	184	810	845	33558	381	710	0	123	56	0	847	1277	8246	0	1490	254	10	81	212	1695	4835	433	233	182	123	56	0	89897	23638	0.179	
Y:\IMPROVED DATABASE\BOSCORF PROJECTS DATA\Soutter_E_(2022)_JC36\ITRAX\JC36\JC36_74_1\JC36_74_1REP2\XRF data\L000023.spe	246.00	7.25	1	0.010270	-0.010164	0.009073	0.081458	73623	1.55	42	1208	0	149	4535	726	3837	86879	1512	182	692	885	43231	412	673	0	256	17	0	992	1081	9775	0	1710	325	0	88	197	1714	4259	79	0	467	183	194	0	86657	22905	0.174	
Y:\IMPROVED DATABASE\BOSCORF PROJECTS DATA\Soutter_E_(2022)_JC36\ITRAX\JC36\JC36_74_1\JC36_74_1REP2\XRF data\L000024.spe	248.00	7.26	1	0.010270	-0.010164	0.009073	0.081458	76324	1.76	58	1114	0	133	3877	751	4956	103204	3571	177	787	1037	62218	184	667	86	301	0	0	1254	1255	10976	109	2591	455	8	94	186	1466	4030	352	310	283	312	234	523	83744	22446	0.171	
Y:\IMPROVED DATABASE\BOSCORF PROJECTS DATA\Soutter_E_(2022)_JC36\ITRAX\JC36\JC36_74_1\JC36_74_1REP2\XRF data\L000025.spe	250.00	7.26	1	0.010270	-0.010164	0.009073	0.081458	81823	1.69	121	1396	0	164	4374	817	4993	121705	4108	112	1013	1055	61421	104	739	123	360	134	41	1111	1120	11493	179	3190	564	11	160	143	1471	4251	15	70	563	348	331	436	87725	25238	0.175	
Y:\IMPROVED DATABASE\BOSCORF PROJECTS DATA\Soutter_E_(2022)_JC36\ITRAX\JC36\JC36_74_1\JC36_74_1REP2\XRF data\L000026.spe	252.00	7.24	1	0.010270	-0.010164	0.009073	0.081458	73641	1.66	32	1615	0	141	4479	783	3656	64836	2798	64	1112	726	34790	125	862	110	183	159	0	744	1215	7871	167	4309	379	108	116	254	1635	4547	282	477	144	262	190	0	92671	27595	0.179	
Y:\IMPROVED DATABASE\BOSCORF PROJECTS DATA\Soutter_E_(2022)_JC36\ITRAX\JC36\JC36_74_1\JC36_74_1REP2\XRF data\L000027.spe	254.00	7.23	1	0.010270	-0.010164	0.009073	0.081458	73926	1.62	32	1337	0	140	4947	698	3750	68425	2021	167	818	730	38318	0	751	0	239	174	0	760	1018	7345	12	3460	287	0	117	237	1734	4564	52	390	97	364	179	445	91184	26709	0.179	
Y:\IMPROVED DATABASE\BOSCORF PROJECTS DATA\Soutter_E_(2022)_JC36\ITRAX\JC36\JC36_74_1\JC36_74_1REP2\XRF data\L000028.spe	256.00	7.24	1	0.010270	-0.010164	0.009073	0.081458	75417	1.51	52	1206	0	147	5003	815	3731	74994	1985	117	946	882	40233	65	719	0	137	105	0	788	1180	8864	0	2737	389	46	164	297	1732	4847	0	222	0	208	244	585	92964	25400	0.180	
Y:\IMPROVED DATABASE\BOSCORF PROJECTS DATA\Soutter_E_(2022)_JC36\ITRAX\JC36\JC36_74_1\JC36_74_1REP2\XRF data\L000029.spe	258.00	7.22	1	0.010270	-0.010164	0.009073	0.081458	81093	1.72	31	1687	0	137	5532	730	4323	84987	1172	171	958	783	35142	165	861	45	252	249	0	1101	1365	8868	24	2410	314	67	87	183	1951	5180	208	253	204	515	265	0	100024	28902	0.185	
Y:\IMPROVED DATABASE\BOSCORF PROJECTS DATA\Soutter_E_(2022)_JC36\ITRAX\JC36\JC36_74_1\JC36_74_1REP2\XRF data\L000030.spe	260.00	7.20	1	0.010270	-0.010164	0.009073	0.081458	70926	1.72	22	1980	0	159	4369	786	3716	57642	1998	170	1029	714	30336	0	732	122	331	147	0	791	958	6882	0	1959	309	32	171	182	1824	5045	141	360	174	403	340	234	88783	21765	0.179	
Y:\IMPROVED DATABASE\BOSCORF PROJECTS DATA\Soutter_E_(2022)_JC36\ITRAX\JC36\JC36_74_1\JC36_74_1REP2\XRF data\L000031.spe	262.00	7.17	1	0.010270	-0.010164	0.009073	0.081458	67560	1.64	15	955	0	129	4611	635	2540	57082	1512	130	1641	779	37051	0	590	0	277	119	0	738	1050	7060	0	4825	230	17	96	199	1517	4533	256	141	103	230	165	526	80951	19262	0.173	
Y:\IMPROVED DATABASE\BOSCORF PROJECTS DATA\Soutter_E_(2022)_JC36\ITRAX\JC36\JC36_74_1\JC36_74_1REP2\XRF data\L000032.spe	264.00	7.19	1	0.010270	-0.010164	0.009073	0.081458	67803	1.78	54	891	0	143	4701	616	3033	58381	1350	96	1072	646	26215	76	728	46	266	110	0	920	941	7571	19	1201	238	0	190	90	1451	4767	309	310	425	89	148	312	87014	26329	0.176	
Y:\IMPROVED DATABASE\BOSCORF PROJECTS DATA\Soutter_E_(2022)_JC36\ITRAX\JC36\JC36_74_1\JC36_74_1REP2\XRF data\L000033.spe	266.00	7.23	1	0.010270	-0.010164	0.009073	0.081458	63807	1.73	69	780	0	191	4505	776	3168	50415	1036	186	793	669	30510	42	679	79	120	85	0	828	970	6731	0	1053	274	67	89	189	1442	4458	136	312	177	150	160	221	79284	20407	0.172	
Y:\IMPROVED DATABASE\BOSCORF PROJECTS DATA\Soutter_E_(2022)_JC36\ITRAX\JC36\JC36_74_1\JC36_74_1REP2\XRF data\L000034.spe	268.00	7.24	1	0.010270	-0.010164	0.009073	0.081458	63442	1.57	64	738	0	123	4477	737	2898	48957	1405	126	754	628	27739	0	686	54	194	39	0	824	877	6152	146	835	244	0	151	100	1703	4298	206	346	305	463	243	340	82163	21693	0.172	
Y:\IMPROVED DATABASE\BOSCORF PROJECTS DATA\Soutter_E_(2022)_JC36\ITRAX\JC36\JC36_74_1\JC36_74_1REP2\XRF data\L000035.spe	270.00	7.27	1	0.010270	-0.010164	0.009073	0.081458	65345	1.52	40	793	0	140	4562	707	3089	50851	1313	140	700	646	25297	0	670	33	171	177	56	690	907	6253	0	1205	237	19	149	184	1520	4337	141	283	516	229	199	274	84648	20312	0.176	
Y:\IMPROVED DATABASE\BOSCORF PROJECTS DATA\Soutter_E_(2022)_JC36\ITRAX\JC36\JC36_74_1\JC36_74_1REP2\XRF data\L000036.spe	272.00	7.30	1	0.010270	-0.010164	0.009073	0.081458	69486	1.71	9	1058	0	161	5029	754	2748	55721	1608	287	850	627	30159	603	686	106	331	211	0	855	652	6463	57	1343	277	35	92	188	1511	4798	100	526	726	27	168	0	88514	23836	0.178	
Y:\IMPROVED DATABASE\BOSCORF PROJECTS DATA\Soutter_E_(2022)_JC36\ITRAX\JC36\JC36_74_1\JC36_74_1REP2\XRF data\L000037.spe	274.00	7.32	1	0.010270	-0.010164	0.009073	0.081458	66645	1.59	54	1198	0	151	4548	787	3362	52305	1069	190	608	663	27427	0	688	0	229	0	0	696	1379	6142	8	2013	210	54	72	253	1596	4289	29	334	14	235	0	700	86091	22432	0.175	
Y:\IMPROVED DATABASE\BOSCORF PROJECTS DATA\Soutter_E_(2022)_JC36\ITRAX\JC36\JC36_74_1\JC36_74_1REP2\XRF data\L000038.spe	276.00	7.35	0	0.010270	-0.010164	0.009073	0.081458	60022	1.55	41	817	0	115	4057	758	2090	55077	684	110	883	548	23630	173	632	0	118	170	54	806	790	6563	0	1548	250	28	120	225	1399	4163	134	204	401	120	118	8	77269	19552	0.169	
Y:\IMPROVED DATABASE\BOSCORF PROJECTS DATA\Soutter_E_(2022)_JC36\ITRAX\JC36\JC36_74_1\JC36_74_1REP2\XRF data\L000039.spe	278.00	7.35	1	0.010270	-0.010164	0.009073	0.081458	63334	1.75	32	911	0	100	4333	673	2316	56202	768	170	700	611	23417	0	539	46	144	111	15	753	978	6906	0	1117	240	47	71	291	1568	4483	0	338	43	312	111	725	81451	23000	0.173	
Y:\IMPROVED DATABASE\BOSCORF PROJECTS DATA\Soutter_E_(2022)_JC36\ITRAX\JC36\JC36_74_1\JC36_74_1REP2\XRF data\L000040.spe	280.00	7.39	1	0.010270	-0.010164	0.009073	0.081458	66294	1.49	64	747	0	134	4496	730	2662	86490	877	104	806	664	26715	0	574	0	130	53	0	930	1049	11232	0	893	361	9	142	90	1448	3737	172	134	623	232	136	494	79969	23826	0.169	
Y:\IMPROVED DATABASE\BOSCORF PROJECTS DATA\Soutter_E_(2022)_JC36\ITRAX\JC36\JC36_74_1\JC36_74_1REP2\XRF data\L000041.spe	282.00	7.42	1	0.010270	-0.010164	0.009073	0.081458	68249	1.53	82	876	0	133	4606	728	2988	88891	1167	79	934	637	28443	327	703	166	208	37	0	723	839	10430	0	921	396	39	60	147	1632	4138	187	151	474	230	144	0	80588	22340	0.171	
Y:\IMPROVED DATABASE\BOSCORF PROJECTS DATA\Soutter_E_(2022)_JC36\ITRAX\JC36\JC36_74_1\JC36_74_1REP2\XRF data\L000042.spe	284.00	7.45	1	0.010270	-0.010164	0.009073	0.081458	66902	1.59	60	973	0	114	4593	793	2558	82361	879	98	760	438	25498	0	634	24	103	0	0	760	781	9419	93	1130	404	41	136	175	1621	4064	167	126	586	286	256	585	82725	23375	0.172	
Y:\IMPROVED DATABASE\BOSCORF PROJECTS DATA\Soutter_E_(2022)_JC36\ITRAX\JC36\JC36_74_1\JC36_74_1REP2\XRF data\L000043.spe	286.00	7.47	1	0.010270	-0.010164	0.009073	0.081458	69012	1.60	69	1158	0	159	4833	807	2678	74289	962	137	685	609	27517	35	664	0	285	7	0	725	1166	7879	0	1141	316	19	145	244	1603	4318	151	209	113	271	237	221	86715	25732	0.175	
Y:\IMPROVED DATABASE\BOSCORF PROJECTS DATA\Soutter_E_(2022)_JC36\ITRAX\JC36\JC36_74_1\JC36_74_1REP2\XRF data\L000044.spe	288.00	7.49	1	0.010270	-0.010164	0.009073	0.081458	67219	1.71	20	1162	0	131	4817	675	3010	49335	798	295	782	744	26032	0	714	0	230	120	0	699	941	6947	0	1195	184	49	94	175	1740	4961	172	246	343	388	141	355	86246	24444	0.177	
Y:\IMPROVED DATABASE\BOSCORF PROJECTS DATA\Soutter_E_(2022)_JC36\ITRAX\JC36\JC36_74_1\JC36_74_1REP2\XRF data\L000045.spe	290.00	7.52	1	0.010270	-0.010164	0.009073	0.081458	66758	1.97	95	1087	0	179	4765	709	3092	48046	1139	211	694	578	27785	0	751	20	88	90	0	841	994	6929	0	1191	194	0	174	188	1538	4528	138	180	386	391	71	435	86401	23684	0.177	
Y:\IMPROVED DATABASE\BOSCORF PROJECTS DATA\Soutter_E_(2022)_JC36\ITRAX\JC36\JC36_74_1\JC36_74_1REP2\XRF data\L000046.spe	292.00	7.55	1	0.010270	-0.010164	0.009073	0.081458	68728	1.60	47	956	0	145	4757	871	3421	79267	1292	175	920	550	29249	0	758	8	191	48	0	820	988	9229	0	1149	440	0	121	163	1495	4423	111	284	151	334	148	206	83899	23830	0.173	
Y:\IMPROVED DATABASE\BOSCORF PROJECTS DATA\Soutter_E_(2022)_JC36\ITRAX\JC36\JC36_74_1\JC36_74_1REP2\XRF data\L000047.spe	294.00	7.57	1	0.010270	-0.010164	0.009073	0.081458	68600	1.65	36	941	0	146	4755	701	2588	88954	1034	181	644	568	24766	0	695	0	112	95	0	1022	1035	10203	0	1128	369	0	122	151	1595	4426	240	411	196	212	99	219	82884	22442	0.172	
Y:\IMPROVED DATABASE\BOSCORF PROJECTS DATA\Soutter_E_(2022)_JC36\ITRAX\JC36\JC36_74_1\JC36_74_1REP2\XRF data\L000048.spe	296.00	7.60	1	0.010270	-0.010164	0.009073	0.081458	69053	1.67	67	1230	0	110	4284	808	3242	82085	1167	146	642	544	29337	587	686	79	257	231	0	644	937	9819	0	931	400	13	114	221	1484	4294	45	509	372	58	198	0	85279	26014	0.174	