Y:\IMPROVED DATABASE\BOSCORF PROJECTS DATA\Soutter_E_(2022)_JC36\ITRAX\JC36\JC36_74_1\JC36_74_1\XRF data     10/02/2022  re-evaluated data
peakarea
filename	position (mm)	sample surface	validity	E-gain	E-offset	F-slope	F-offset	cps	MSE	Al	Si	P	S	Cl	Ar	K	Ca	Ti	V	Cr	Mn	Fe	Co	Ni	Cu	Zn	Ga	As	Br	Rb	Sr	Y	Zr	Sb	Ba	Ce	Sm	Ta	W	Pb	Fe a*2	Fe a+b	S1	S2	S3	Mo inc	Mo coh	Dt	
Y:\IMPROVED DATABASE\BOSCORF PROJECTS DATA\Soutter_E_(2022)_JC36\ITRAX\JC36\JC36_74_1\JC36_74_1\XRF data\L000000.spe	178.00	7.06	0	0.010270	-0.010164	0.009073	0.081458	64224	1.61	56	648	0	110	4111	1276	3442	82461	2102	54	696	710	41150	73	660	131	165	107	0	996	765	9044	159	2065	436	13	138	221	1441	3600	161	249	301	433	287	165	74198	20394	0.163	
Y:\IMPROVED DATABASE\BOSCORF PROJECTS DATA\Soutter_E_(2022)_JC36\ITRAX\JC36\JC36_74_1\JC36_74_1\XRF data\L000001.spe	180.00	7.06	0	0.010270	-0.010164	0.009073	0.081458	64562	1.54	42	611	0	114	4182	969	3783	73028	1990	79	967	668	48649	246	584	34	187	0	0	902	1026	8505	0	2575	352	0	148	284	1508	3538	249	135	193	479	167	0	74281	20517	0.163	
Y:\IMPROVED DATABASE\BOSCORF PROJECTS DATA\Soutter_E_(2022)_JC36\ITRAX\JC36\JC36_74_1\JC36_74_1\XRF data\L000002.spe	182.00	7.08	0	0.010270	-0.010164	0.009073	0.081458	65883	1.66	70	503	0	121	4517	850	3579	71085	3004	135	885	883	50521	0	547	102	277	94	0	1277	1069	8982	100	3054	363	34	77	252	1535	3660	239	199	290	581	119	1518	75466	23226	0.164	
Y:\IMPROVED DATABASE\BOSCORF PROJECTS DATA\Soutter_E_(2022)_JC36\ITRAX\JC36\JC36_74_1\JC36_74_1\XRF data\L000003.spe	184.00	7.13	0	0.010270	-0.010164	0.009073	0.081458	67213	1.65	45	483	0	105	4503	862	3314	80380	2446	199	780	806	52353	21	566	100	256	122	0	1231	1023	9728	66	3000	362	9	87	166	1411	4147	303	0	458	466	222	330	75066	19669	0.163	
Y:\IMPROVED DATABASE\BOSCORF PROJECTS DATA\Soutter_E_(2022)_JC36\ITRAX\JC36\JC36_74_1\JC36_74_1\XRF data\L000004.spe	186.00	7.17	0	0.010270	-0.010164	0.009073	0.081458	66431	1.60	56	543	0	173	4534	1109	3456	76594	1954	111	786	835	47609	0	661	122	236	140	0	1172	1006	9645	74	1868	392	41	90	171	1462	3770	151	313	489	544	116	1124	76073	21459	0.165	
Y:\IMPROVED DATABASE\BOSCORF PROJECTS DATA\Soutter_E_(2022)_JC36\ITRAX\JC36\JC36_74_1\JC36_74_1\XRF data\L000005.spe	188.00	7.20	0	0.010270	-0.010164	0.009073	0.081458	64984	1.63	76	878	0	108	3834	797	3645	80174	2837	128	679	804	47040	0	591	105	242	0	0	910	1051	8641	0	2111	382	30	79	139	1416	3697	183	298	337	271	219	567	72404	20460	0.162	
Y:\IMPROVED DATABASE\BOSCORF PROJECTS DATA\Soutter_E_(2022)_JC36\ITRAX\JC36\JC36_74_1\JC36_74_1\XRF data\L000006.spe	190.00	7.25	0	0.010270	-0.010164	0.009073	0.081458	64642	1.63	37	972	0	120	3758	1147	3533	85448	1986	40	718	694	43683	0	729	216	289	160	0	865	887	8008	0	1794	407	7	161	186	1368	4007	155	204	340	517	135	327	72798	19347	0.162	
Y:\IMPROVED DATABASE\BOSCORF PROJECTS DATA\Soutter_E_(2022)_JC36\ITRAX\JC36\JC36_74_1\JC36_74_1\XRF data\L000007.spe	192.00	7.30	0	0.010270	-0.010164	0.009073	0.081458	64016	1.62	63	565	0	74	4170	1023	3386	68953	1820	141	739	676	38864	0	585	169	291	159	0	902	945	8176	109	1858	345	69	126	253	1296	3886	132	157	319	453	31	998	76813	24119	0.167	
Y:\IMPROVED DATABASE\BOSCORF PROJECTS DATA\Soutter_E_(2022)_JC36\ITRAX\JC36\JC36_74_1\JC36_74_1\XRF data\L000008.spe	194.00	7.32	0	0.010270	-0.010164	0.009073	0.081458	69604	1.62	83	949	0	85	4018	1154	4542	95159	3256	44	781	832	49346	0	748	71	306	200	0	1122	1301	9003	17	2064	481	0	194	258	1417	4016	254	339	167	612	340	801	78517	24143	0.166	
Y:\IMPROVED DATABASE\BOSCORF PROJECTS DATA\Soutter_E_(2022)_JC36\ITRAX\JC36\JC36_74_1\JC36_74_1\XRF data\L000009.spe	196.00	7.34	0	0.010270	-0.010164	0.009073	0.081458	68997	1.60	62	899	0	118	3887	1108	4582	98652	2384	156	711	849	53615	0	598	107	310	184	0	1053	1199	8819	154	1668	359	88	99	275	1348	4084	166	139	190	604	296	593	77372	20747	0.164	
Y:\IMPROVED DATABASE\BOSCORF PROJECTS DATA\Soutter_E_(2022)_JC36\ITRAX\JC36\JC36_74_1\JC36_74_1\XRF data\L000010.spe	198.00	7.34	0	0.010270	-0.010164	0.009073	0.081458	64707	1.64	85	807	0	131	3576	936	3986	83410	2315	155	732	770	47315	0	596	101	268	65	0	1011	1122	9006	101	1828	400	0	98	217	1230	3640	239	119	215	333	201	509	73969	21703	0.164	
Y:\IMPROVED DATABASE\BOSCORF PROJECTS DATA\Soutter_E_(2022)_JC36\ITRAX\JC36\JC36_74_1\JC36_74_1\XRF data\L000011.spe	200.00	7.35	0	0.010270	-0.010164	0.009073	0.081458	73192	1.66	34	964	0	156	4451	905	4750	95645	2544	185	787	832	52088	259	570	176	145	98	0	878	1211	9412	32	2181	542	0	170	188	1560	4133	255	0	354	464	286	0	82445	23286	0.171	
Y:\IMPROVED DATABASE\BOSCORF PROJECTS DATA\Soutter_E_(2022)_JC36\ITRAX\JC36\JC36_74_1\JC36_74_1\XRF data\L000012.spe	202.00	7.36	0	0.010270	-0.010164	0.009073	0.081458	71989	1.61	37	1050	0	177	4241	816	4711	88845	2339	144	775	773	49714	430	657	0	377	93	0	1076	1044	9044	0	1445	441	122	98	288	1453	4258	25	292	454	348	271	0	82578	23868	0.171	
Y:\IMPROVED DATABASE\BOSCORF PROJECTS DATA\Soutter_E_(2022)_JC36\ITRAX\JC36\JC36_74_1\JC36_74_1\XRF data\L000013.spe	204.00	7.35	0	0.010270	-0.010164	0.009073	0.081458	74149	1.70	77	1295	0	101	4451	883	4284	98285	2658	141	848	875	47003	163	635	152	180	82	0	1056	1206	9209	111	1709	448	0	126	214	1389	4284	114	459	47	277	160	303	85702	23838	0.172	
Y:\IMPROVED DATABASE\BOSCORF PROJECTS DATA\Soutter_E_(2022)_JC36\ITRAX\JC36\JC36_74_1\JC36_74_1\XRF data\L000014.spe	206.00	7.35	0	0.010270	-0.010164	0.009073	0.081458	74536	1.79	89	1130	0	137	4255	868	5102	98268	2316	74	722	808	53416	0	698	215	322	119	0	1116	1304	9996	197	2141	432	47	123	230	1391	4539	211	121	109	352	270	532	84961	23578	0.171	
Y:\IMPROVED DATABASE\BOSCORF PROJECTS DATA\Soutter_E_(2022)_JC36\ITRAX\JC36\JC36_74_1\JC36_74_1\XRF data\L000015.spe	208.00	7.36	0	0.010270	-0.010164	0.009073	0.081458	74681	1.64	81	1189	0	99	4185	920	5097	95419	2242	109	753	742	55815	135	540	0	227	41	0	1018	1218	9835	174	2272	567	28	134	179	1592	4156	230	198	321	362	311	155	85304	25714	0.172	
Y:\IMPROVED DATABASE\BOSCORF PROJECTS DATA\Soutter_E_(2022)_JC36\ITRAX\JC36\JC36_74_1\JC36_74_1\XRF data\L000016.spe	210.00	7.36	1	0.010270	-0.010164	0.009073	0.081458	73709	1.58	101	1255	0	157	4002	625	4208	85120	1747	167	841	812	46647	647	642	180	208	66	0	1108	1113	9838	0	2076	366	0	67	186	1382	4169	62	415	364	183	154	0	85458	23344	0.175	
Y:\IMPROVED DATABASE\BOSCORF PROJECTS DATA\Soutter_E_(2022)_JC36\ITRAX\JC36\JC36_74_1\JC36_74_1\XRF data\L000017.spe	212.00	7.34	0	0.010270	-0.010164	0.009073	0.081458	73314	1.60	50	1365	0	129	4298	870	4033	80884	2923	168	1021	928	41578	273	588	0	123	179	0	1011	1153	8393	45	2258	350	0	121	207	1627	4114	232	303	472	304	155	0	87370	21580	0.176	
Y:\IMPROVED DATABASE\BOSCORF PROJECTS DATA\Soutter_E_(2022)_JC36\ITRAX\JC36\JC36_74_1\JC36_74_1\XRF data\L000018.spe	214.00	7.32	0	0.010270	-0.010164	0.009073	0.081458	72777	1.55	37	1418	0	141	4309	867	3543	72281	3110	178	1408	824	39301	342	750	20	250	63	0	968	1102	7923	29	2743	285	73	82	228	1465	4407	205	359	444	186	146	0	88618	23423	0.177	
Y:\IMPROVED DATABASE\BOSCORF PROJECTS DATA\Soutter_E_(2022)_JC36\ITRAX\JC36\JC36_74_1\JC36_74_1\XRF data\L000019.spe	216.00	7.32	0	0.010270	-0.010164	0.009073	0.081458	74989	1.72	68	1861	0	141	4003	608	4209	79719	1861	237	911	737	44624	174	755	28	277	163	0	859	1588	8719	131	3213	338	62	67	197	1426	4676	192	274	0	272	265	68	90001	24172	0.178	
Y:\IMPROVED DATABASE\BOSCORF PROJECTS DATA\Soutter_E_(2022)_JC36\ITRAX\JC36\JC36_74_1\JC36_74_1\XRF data\L000020.spe	218.00	7.34	1	0.010270	-0.010164	0.009073	0.081458	71661	1.57	150	2057	0	135	3646	716	3778	76169	1980	192	656	701	39639	389	790	0	287	108	0	915	1131	8218	104	1864	392	88	104	167	1391	4629	91	91	0	168	170	0	87215	24103	0.176	
Y:\IMPROVED DATABASE\BOSCORF PROJECTS DATA\Soutter_E_(2022)_JC36\ITRAX\JC36\JC36_74_1\JC36_74_1\XRF data\L000021.spe	220.00	7.34	1	0.010270	-0.010164	0.009073	0.081458	73118	1.64	38	1377	0	144	4572	701	3325	65508	1930	204	644	704	41327	92	722	26	325	0	0	1058	856	8782	149	2008	396	0	120	198	1590	4461	179	301	562	377	309	162	90135	22797	0.178	
Y:\IMPROVED DATABASE\BOSCORF PROJECTS DATA\Soutter_E_(2022)_JC36\ITRAX\JC36\JC36_74_1\JC36_74_1\XRF data\L000022.spe	222.00	7.34	1	0.010270	-0.010164	0.009073	0.081458	74488	1.62	35	956	0	161	5089	677	3730	70167	2613	82	1046	860	53850	0	669	16	410	142	0	1299	1175	9686	0	2355	398	67	118	241	1529	4342	177	126	400	418	136	661	85900	24691	0.175	
Y:\IMPROVED DATABASE\BOSCORF PROJECTS DATA\Soutter_E_(2022)_JC36\ITRAX\JC36\JC36_74_1\JC36_74_1\XRF data\L000023.spe	224.00	7.33	1	0.010270	-0.010164	0.009073	0.081458	76145	1.62	70	616	0	176	5643	608	4008	79766	2683	207	761	896	54797	86	621	99	107	47	0	1264	1282	10596	269	1814	355	30	112	163	1506	4081	272	404	375	380	170	400	88498	24978	0.175	
Y:\IMPROVED DATABASE\BOSCORF PROJECTS DATA\Soutter_E_(2022)_JC36\ITRAX\JC36\JC36_74_1\JC36_74_1\XRF data\L000024.spe	226.00	7.32	1	0.010270	-0.010164	0.009073	0.081458	75166	1.69	32	692	0	134	5129	637	3850	86753	2339	182	759	771	47883	203	650	61	186	0	0	1250	1291	10689	168	2428	339	0	154	156	1557	3966	172	182	162	178	113	372	88842	26229	0.175	
Y:\IMPROVED DATABASE\BOSCORF PROJECTS DATA\Soutter_E_(2022)_JC36\ITRAX\JC36\JC36_74_1\JC36_74_1\XRF data\L000025.spe	228.00	7.32	1	0.010270	-0.010164	0.009073	0.081458	74283	1.55	43	696	0	144	5041	752	3682	71974	1981	187	837	1078	48128	347	606	0	278	0	0	1248	1490	10339	96	2620	314	12	115	182	1587	4063	294	213	10	162	208	115	88557	24918	0.176	
Y:\IMPROVED DATABASE\BOSCORF PROJECTS DATA\Soutter_E_(2022)_JC36\ITRAX\JC36\JC36_74_1\JC36_74_1\XRF data\L000026.spe	230.00	7.32	1	0.010270	-0.010164	0.009073	0.081458	75781	1.64	71	1324	0	150	4556	645	4641	89856	2655	109	650	895	45648	318	696	116	132	180	0	1159	1356	9945	135	2951	415	0	98	206	1566	4097	186	135	105	223	216	19	88477	27934	0.176	
Y:\IMPROVED DATABASE\BOSCORF PROJECTS DATA\Soutter_E_(2022)_JC36\ITRAX\JC36\JC36_74_1\JC36_74_1\XRF data\L000027.spe	232.00	7.30	1	0.010270	-0.010164	0.009073	0.081458	74234	1.57	38	761	0	160	5133	656	3544	72693	2117	190	771	831	43222	0	630	0	271	89	0	1072	1237	9750	0	2259	343	0	125	171	1528	4262	100	371	307	268	184	368	89090	25073	0.178	
Y:\IMPROVED DATABASE\BOSCORF PROJECTS DATA\Soutter_E_(2022)_JC36\ITRAX\JC36\JC36_74_1\JC36_74_1\XRF data\L000028.spe	234.00	7.29	1	0.010270	-0.010164	0.009073	0.081458	73354	1.53	54	807	0	193	5351	666	3198	71628	1383	150	908	777	34613	291	766	0	189	184	0	1040	923	9269	6	2300	312	39	105	150	1431	4100	270	248	508	60	129	158	88890	26509	0.178	
Y:\IMPROVED DATABASE\BOSCORF PROJECTS DATA\Soutter_E_(2022)_JC36\ITRAX\JC36\JC36_74_1\JC36_74_1\XRF data\L000029.spe	236.00	7.28	1	0.010270	-0.010164	0.009073	0.081458	73756	1.60	58	1121	0	104	5025	590	3223	70548	2601	157	839	766	36346	185	819	0	0	0	0	1123	956	9009	0	1485	332	0	115	188	1677	4329	223	231	672	191	167	65	89542	23485	0.178	
Y:\IMPROVED DATABASE\BOSCORF PROJECTS DATA\Soutter_E_(2022)_JC36\ITRAX\JC36\JC36_74_1\JC36_74_1\XRF data\L000030.spe	238.00	7.28	1	0.010270	-0.010164	0.009073	0.081458	72897	1.62	51	822	0	148	5310	636	3019	60616	1411	133	817	720	38906	106	764	93	115	97	0	1078	1126	9383	0	1089	270	0	112	161	1599	4358	113	352	167	304	286	230	89851	22469	0.178	
Y:\IMPROVED DATABASE\BOSCORF PROJECTS DATA\Soutter_E_(2022)_JC36\ITRAX\JC36\JC36_74_1\JC36_74_1\XRF data\L000031.spe	240.00	7.28	1	0.010270	-0.010164	0.009073	0.081458	73890	1.53	47	960	0	181	5415	755	3143	72455	829	168	804	751	33515	28	791	75	357	107	0	848	1211	9350	0	971	272	0	159	284	1603	4498	206	217	405	259	177	274	92205	24855	0.179	
Y:\IMPROVED DATABASE\BOSCORF PROJECTS DATA\Soutter_E_(2022)_JC36\ITRAX\JC36\JC36_74_1\JC36_74_1\XRF data\L000032.spe	242.00	7.27	1	0.010270	-0.010164	0.009073	0.081458	72763	1.81	63	845	0	163	5364	667	3338	65075	815	77	1083	717	27848	543	614	0	346	105	0	1116	1241	8700	0	1420	233	0	147	179	1584	4891	271	338	0	0	48	0	90677	26808	0.180	
Y:\IMPROVED DATABASE\BOSCORF PROJECTS DATA\Soutter_E_(2022)_JC36\ITRAX\JC36\JC36_74_1\JC36_74_1\XRF data\L000033.spe	244.00	7.26	1	0.010270	-0.010164	0.009073	0.081458	72037	1.52	65	762	0	176	5237	659	3034	57012	1449	166	740	879	32640	0	642	72	148	0	0	944	1037	8073	0	1521	273	32	81	185	1557	4186	208	468	254	478	21	346	91279	26053	0.180	
Y:\IMPROVED DATABASE\BOSCORF PROJECTS DATA\Soutter_E_(2022)_JC36\ITRAX\JC36\JC36_74_1\JC36_74_1\XRF data\L000034.spe	246.00	7.25	1	0.010270	-0.010164	0.009073	0.081458	73232	1.57	76	1058	0	156	4819	681	3556	82216	1415	129	654	787	41547	231	768	0	233	81	0	1011	1216	9428	70	1783	423	26	110	216	1643	4343	206	308	118	442	244	0	85539	22926	0.175	
Y:\IMPROVED DATABASE\BOSCORF PROJECTS DATA\Soutter_E_(2022)_JC36\ITRAX\JC36\JC36_74_1\JC36_74_1\XRF data\L000035.spe	248.00	7.26	1	0.010270	-0.010164	0.009073	0.081458	75878	1.74	86	989	0	90	4056	724	4498	95810	3368	161	822	949	59927	109	790	113	258	96	0	1266	1449	10749	207	2882	375	0	147	183	1365	4083	137	356	275	387	205	425	83464	25247	0.172	
Y:\IMPROVED DATABASE\BOSCORF PROJECTS DATA\Soutter_E_(2022)_JC36\ITRAX\JC36\JC36_74_1\JC36_74_1\XRF data\L000036.spe	250.00	7.26	1	0.010270	-0.010164	0.009073	0.081458	81445	1.62	96	1274	0	136	4696	770	4882	114122	3905	165	954	980	60592	23	662	158	322	133	0	1229	1327	11671	119	3079	505	70	53	172	1340	4269	197	256	296	580	264	249	89414	24393	0.176	
Y:\IMPROVED DATABASE\BOSCORF PROJECTS DATA\Soutter_E_(2022)_JC36\ITRAX\JC36\JC36_74_1\JC36_74_1\XRF data\L000037.spe	252.00	7.24	1	0.010270	-0.010164	0.009073	0.081458	73557	1.68	43	1311	0	197	4821	726	3399	60241	2206	134	965	724	33229	0	737	0	253	214	0	883	1309	8110	256	4382	252	38	130	227	1647	4709	132	182	77	347	125	527	92965	25778	0.181	
Y:\IMPROVED DATABASE\BOSCORF PROJECTS DATA\Soutter_E_(2022)_JC36\ITRAX\JC36\JC36_74_1\JC36_74_1\XRF data\L000038.spe	254.00	7.23	1	0.010270	-0.010164	0.009073	0.081458	73855	1.61	22	1146	0	105	5108	701	3489	64464	1964	155	812	670	37685	207	755	34	141	304	0	982	791	7589	0	3420	286	0	147	167	1660	4852	91	208	677	275	205	0	92324	24285	0.180	
Y:\IMPROVED DATABASE\BOSCORF PROJECTS DATA\Soutter_E_(2022)_JC36\ITRAX\JC36\JC36_74_1\JC36_74_1\XRF data\L000039.spe	256.00	7.24	1	0.010270	-0.010164	0.009073	0.081458	75145	1.45	27	1078	0	190	5160	764	3578	70583	1961	135	906	846	39517	455	729	31	150	232	0	709	1050	8733	70	2871	356	35	82	268	1619	4680	222	211	407	150	283	0	92078	26086	0.179	
Y:\IMPROVED DATABASE\BOSCORF PROJECTS DATA\Soutter_E_(2022)_JC36\ITRAX\JC36\JC36_74_1\JC36_74_1\XRF data\L000040.spe	258.00	7.22	1	0.010270	-0.010164	0.009073	0.081458	80984	1.80	75	1465	0	241	5837	751	4254	78966	1296	186	1009	654	34399	544	887	63	87	97	0	805	1130	8732	0	2379	420	68	93	245	1935	5128	248	185	699	172	169	0	99448	26767	0.185	
Y:\IMPROVED DATABASE\BOSCORF PROJECTS DATA\Soutter_E_(2022)_JC36\ITRAX\JC36\JC36_74_1\JC36_74_1\XRF data\L000041.spe	260.00	7.20	1	0.010270	-0.010164	0.009073	0.081458	70857	1.60	27	1548	0	177	4991	810	3356	51921	2157	161	959	689	28665	92	861	119	193	118	0	885	977	6793	0	2115	207	45	139	265	1808	4627	248	174	395	247	170	146	92042	25747	0.180	
Y:\IMPROVED DATABASE\BOSCORF PROJECTS DATA\Soutter_E_(2022)_JC36\ITRAX\JC36\JC36_74_1\JC36_74_1\XRF data\L000042.spe	262.00	7.17	0	0.010270	-0.010164	0.009073	0.081458	68872	1.70	12	800	0	159	5188	927	2738	59747	1398	176	1729	650	38590	94	674	144	345	84	0	867	789	7327	0	4549	242	0	142	280	1905	4828	211	208	439	475	343	45	82532	23632	0.174	
Y:\IMPROVED DATABASE\BOSCORF PROJECTS DATA\Soutter_E_(2022)_JC36\ITRAX\JC36\JC36_74_1\JC36_74_1\XRF data\L000043.spe	264.00	7.19	0	0.010270	-0.010164	0.009073	0.081458	68977	1.67	30	851	0	192	5334	1000	3068	60370	1396	88	1079	579	26698	0	650	23	291	340	0	869	1220	7409	0	1255	264	0	171	211	1839	4595	70	267	17	387	9	655	87501	22067	0.176	
Y:\IMPROVED DATABASE\BOSCORF PROJECTS DATA\Soutter_E_(2022)_JC36\ITRAX\JC36\JC36_74_1\JC36_74_1\XRF data\L000044.spe	266.00	7.23	1	0.010270	-0.010164	0.009073	0.081458	63544	1.54	51	653	0	159	4671	750	2849	45323	886	222	774	466	29140	360	674	59	266	27	0	885	1052	6397	0	1323	240	24	137	195	1546	4139	154	372	176	243	73	0	81397	23240	0.173	
Y:\IMPROVED DATABASE\BOSCORF PROJECTS DATA\Soutter_E_(2022)_JC36\ITRAX\JC36\JC36_74_1\JC36_74_1\XRF data\L000045.spe	268.00	7.24	1	0.010270	-0.010164	0.009073	0.081458	63371	1.60	29	587	0	151	4714	657	2591	44043	1321	264	634	631	26585	0	682	0	0	196	0	758	914	6175	0	843	181	0	106	118	1347	4161	0	46	293	133	125	557	81717	23385	0.173	
Y:\IMPROVED DATABASE\BOSCORF PROJECTS DATA\Soutter_E_(2022)_JC36\ITRAX\JC36\JC36_74_1\JC36_74_1\XRF data\L000046.spe	270.00	7.27	1	0.010270	-0.010164	0.009073	0.081458	65268	1.53	27	686	0	120	4917	667	2841	47478	1295	158	689	553	24498	0	624	0	160	55	0	761	1241	6261	0	1161	191	36	107	154	1584	4596	130	325	33	222	60	546	85670	23881	0.175	
Y:\IMPROVED DATABASE\BOSCORF PROJECTS DATA\Soutter_E_(2022)_JC36\ITRAX\JC36\JC36_74_1\JC36_74_1\XRF data\L000047.spe	272.00	7.30	1	0.010270	-0.010164	0.009073	0.081458	69419	1.54	101	912	0	187	5216	772	2620	50920	1770	99	881	543	29861	228	782	0	109	114	0	890	852	6545	117	1253	267	0	178	176	1639	4619	29	586	638	191	169	0	90810	23256	0.179	
Y:\IMPROVED DATABASE\BOSCORF PROJECTS DATA\Soutter_E_(2022)_JC36\ITRAX\JC36\JC36_74_1\JC36_74_1\XRF data\L000048.spe	274.00	7.32	1	0.010270	-0.010164	0.009073	0.081458	66688	1.54	31	1085	0	88	4652	784	3114	50014	1195	162	711	709	25939	0	585	0	311	127	0	644	1201	6149	13	1977	254	33	134	149	1649	4290	158	211	371	328	105	643	86502	24025	0.176	
Y:\IMPROVED DATABASE\BOSCORF PROJECTS DATA\Soutter_E_(2022)_JC36\ITRAX\JC36\JC36_74_1\JC36_74_1\XRF data\L000049.spe	276.00	7.35	0	0.010270	-0.010164	0.009073	0.081458	59960	1.82	17	605	0	116	4306	803	2031	50686	661	137	652	541	22554	0	581	39	173	0	196	829	840	6446	0	1259	240	54	78	194	1261	3904	0	52	139	281	12	718	78652	22044	0.170	
Y:\IMPROVED DATABASE\BOSCORF PROJECTS DATA\Soutter_E_(2022)_JC36\ITRAX\JC36\JC36_74_1\JC36_74_1\XRF data\L000050.spe	278.00	7.35	0	0.010270	-0.010164	0.009073	0.081458	64723	1.72	53	837	0	164	5098	921	2541	58000	892	165	884	590	23937	0	610	0	118	309	0	925	905	7052	0	1297	273	15	108	276	1815	4728	36	489	106	436	182	498	83424	22317	0.173	
Y:\IMPROVED DATABASE\BOSCORF PROJECTS DATA\Soutter_E_(2022)_JC36\ITRAX\JC36\JC36_74_1\JC36_74_1\XRF data\L000051.spe	280.00	7.39	1	0.010270	-0.010164	0.009073	0.081458	66605	1.85	8	735	0	143	4796	750	2602	84266	750	139	885	662	26773	0	530	114	0	120	0	787	823	11128	48	881	324	38	53	167	1382	4191	105	300	263	407	193	840	81411	23766	0.170	
Y:\IMPROVED DATABASE\BOSCORF PROJECTS DATA\Soutter_E_(2022)_JC36\ITRAX\JC36\JC36_74_1\JC36_74_1\XRF data\L000052.spe	282.00	7.42	1	0.010270	-0.010164	0.009073	0.081458	67917	1.55	64	729	0	128	4745	660	2641	83095	1273	61	831	638	27634	290	668	49	285	66	0	840	1233	10379	0	1094	362	0	129	188	1750	4111	67	343	13	253	168	0	82031	21720	0.172	
Y:\IMPROVED DATABASE\BOSCORF PROJECTS DATA\Soutter_E_(2022)_JC36\ITRAX\JC36\JC36_74_1\JC36_74_1\XRF data\L000053.spe	284.00	7.45	1	0.010270	-0.010164	0.009073	0.081458	66721	1.75	78	840	0	145	4706	756	2376	76673	867	66	743	538	24662	0	611	61	55	128	0	794	845	9318	0	1231	376	25	85	192	1404	4389	121	281	390	384	101	343	82559	21832	0.172	
Y:\IMPROVED DATABASE\BOSCORF PROJECTS DATA\Soutter_E_(2022)_JC36\ITRAX\JC36\JC36_74_1\JC36_74_1\XRF data\L000054.spe	286.00	7.47	1	0.010270	-0.010164	0.009073	0.081458	68929	1.55	0	906	0	122	4964	646	2510	70628	819	174	740	565	27102	122	697	95	193	28	0	901	977	7816	0	1333	296	0	128	161	1561	4318	143	428	266	284	192	12	87097	22567	0.176	
Y:\IMPROVED DATABASE\BOSCORF PROJECTS DATA\Soutter_E_(2022)_JC36\ITRAX\JC36\JC36_74_1\JC36_74_1\XRF data\L000055.spe	288.00	7.49	1	0.010270	-0.010164	0.009073	0.081458	67559	1.68	48	858	0	155	5175	709	2825	46042	749	246	781	834	25631	0	673	0	334	186	0	809	1266	7076	0	955	302	44	121	146	1654	4770	309	387	145	284	136	162	86395	25231	0.178	
Y:\IMPROVED DATABASE\BOSCORF PROJECTS DATA\Soutter_E_(2022)_JC36\ITRAX\JC36\JC36_74_1\JC36_74_1\XRF data\L000056.spe	290.00	7.52	1	0.010270	-0.010164	0.009073	0.081458	66920	1.81	45	848	0	158	5030	740	2950	44715	1126	240	786	510	28305	326	749	111	187	245	0	841	1268	6883	0	1146	213	10	150	160	1563	4626	236	369	76	209	114	0	88191	25900	0.176	
Y:\IMPROVED DATABASE\BOSCORF PROJECTS DATA\Soutter_E_(2022)_JC36\ITRAX\JC36\JC36_74_1\JC36_74_1\XRF data\L000057.spe	292.00	7.55	1	0.010270	-0.010164	0.009073	0.081458	68094	1.76	76	846	0	162	5032	804	3073	70569	1143	174	959	601	28407	0	742	17	174	77	0	839	869	9375	0	950	355	0	139	148	1391	4474	272	280	447	487	137	880	84522	23354	0.173	
Y:\IMPROVED DATABASE\BOSCORF PROJECTS DATA\Soutter_E_(2022)_JC36\ITRAX\JC36\JC36_74_1\JC36_74_1\XRF data\L000058.spe	294.00	7.57	1	0.010270	-0.010164	0.009073	0.081458	68419	1.70	50	846	0	201	5240	808	2396	81554	1033	148	759	532	24032	0	708	0	141	0	0	1129	885	10283	109	1240	352	12	92	137	1743	4311	210	201	333	168	30	741	83201	24367	0.173	
Y:\IMPROVED DATABASE\BOSCORF PROJECTS DATA\Soutter_E_(2022)_JC36\ITRAX\JC36\JC36_74_1\JC36_74_1\XRF data\L000059.spe	296.00	7.60	1	0.010270	-0.010164	0.009073	0.081458	69077	1.71	5	979	0	169	4701	758	2978	76461	1124	136	742	554	28878	183	632	82	78	179	0	863	936	9424	0	995	333	37	122	227	1457	4498	147	160	227	209	233	0	85722	25171	0.173	
Y:\IMPROVED DATABASE\BOSCORF PROJECTS DATA\Soutter_E_(2022)_JC36\ITRAX\JC36\JC36_74_1\JC36_74_1\XRF data\L000060.spe	298.00	7.62	1	0.010270	-0.010164	0.009073	0.081458	67208	1.58	52	954	0	119	4844	648	3060	58295	1057	211	732	601	29283	195	701	0	270	40	0	868	1090	8160	0	1336	227	0	109	190	1552	3955	48	533	147	256	202	35	85209	24344	0.175	
Y:\IMPROVED DATABASE\BOSCORF PROJECTS DATA\Soutter_E_(2022)_JC36\ITRAX\JC36\JC36_74_1\JC36_74_1\XRF data\L000061.spe	300.00	7.65	1	0.010270	-0.010164	0.009073	0.081458	69155	1.55	53	877	0	160	6116	751	2917	71978	916	200	981	661	34547	330	706	77	183	0	0	894	908	10018	0	976	399	12	104	238	1573	4117	137	93	229	223	101	0	84940	23918	0.173	
Y:\IMPROVED DATABASE\BOSCORF PROJECTS DATA\Soutter_E_(2022)_JC36\ITRAX\JC36\JC36_74_1\JC36_74_1\XRF data\L000062.spe	302.00	7.66	1	0.010270	-0.010164	0.009073	0.081458	70193	1.60	52	799	0	185	9489	702	2994	89126	1543	100	786	693	35102	515	726	0	378	122	0	923	908	11049	0	1701	435	7	129	207	1455	4212	191	412	329	47	190	0	83036	22952	0.171	
Y:\IMPROVED DATABASE\BOSCORF PROJECTS DATA\Soutter_E_(2022)_JC36\ITRAX\JC36\JC36_74_1\JC36_74_1\XRF data\L000063.spe	304.00	7.68	1	0.010270	-0.010164	0.009073	0.081458	67964	1.47	48	808	0	177	4833	676	3082	86591	1088	100	874	595	35290	0	556	0	148	0	0	1117	960	11266	0	1606	428	21	112	157	1506	4094	97	186	228	306	191	542	78646	19686	0.169	
Y:\IMPROVED DATABASE\BOSCORF PROJECTS DATA\Soutter_E_(2022)_JC36\ITRAX\JC36\JC36_74_1\JC36_74_1\XRF data\L000064.spe	306.00	7.72	1	0.010270	-0.010164	0.009073	0.081458	70834	1.55	42	748	0	128	5205	740	3327	83547	1341	209	800	693	39713	424	619	0	236	16	0	1085	711	11622	197	971	394	34	99	154	1694	4132	295	481	683	212	92	0	83164	23789	0.171	
Y:\IMPROVED DATABASE\BOSCORF PROJECTS DATA\Soutter_E_(2022)_JC36\ITRAX\JC36\JC36_74_1\JC36_74_1\XRF data\L000065.spe	308.00	7.75	1	0.010270	-0.010164	0.009073	0.081458	70976	1.72	0	651	0	145	5132	785	3395	83533	1844	166	1005	611	41661	0	746	134	296	0	0	1056	1039	10395	0	1639	386	0	176	169	1485	4503	178	71	351	263	54	806	80965	20903	0.170	
Y:\IMPROVED DATABASE\BOSCORF PROJECTS DATA\Soutter_E_(2022)_JC36\ITRAX\JC36\JC36_74_1\JC36_74_1\XRF data\L000066.spe	310.00	7.77	1	0.010270	-0.010164	0.009073	0.081458	72620	1.78	40	876	0	190	5469	766	3487	80030	1629	183	844	655	40536	455	723	110	242	113	0	1110	851	10041	110	1837	372	6	135	186	1701	4719	103	323	391	243	317	0	86109	25392	0.174	
Y:\IMPROVED DATABASE\BOSCORF PROJECTS DATA\Soutter_E_(2022)_JC36\ITRAX\JC36\JC36_74_1\JC36_74_1\XRF data\L000067.spe	312.00	7.79	1	0.010270	-0.010164	0.009073	0.081458	72124	1.63	40	927	0	217	5188	802	3629	89136	1418	99	1033	621	32678	110	627	93	50	55	0	833	1014	10168	14	1612	384	91	81	247	1530	5042	96	120	554	238	267	101	86365	23958	0.173	
Y:\IMPROVED DATABASE\BOSCORF PROJECTS DATA\Soutter_E_(2022)_JC36\ITRAX\JC36\JC36_74_1\JC36_74_1\XRF data\L000068.spe	314.00	7.82	1	0.010270	-0.010164	0.009073	0.081458	70979	1.82	29	679	0	216	5210	835	3216	82397	1556	153	819	778	34559	0	717	0	161	133	0	828	1000	10132	285	1019	452	0	183	280	1713	4626	248	222	250	339	133	592	87180	24355	0.173	
Y:\IMPROVED DATABASE\BOSCORF PROJECTS DATA\Soutter_E_(2022)_JC36\ITRAX\JC36\JC36_74_1\JC36_74_1\XRF data\L000069.spe	316.00	7.85	1	0.010270	-0.010164	0.009073	0.081458	73143	1.52	42	789	0	136	5521	829	3158	89976	1962	153	1526	852	33226	202	800	18	124	211	0	806	969	10459	61	1216	483	38	141	237	1735	4369	0	305	213	216	101	98	89298	26908	0.175	
Y:\IMPROVED DATABASE\BOSCORF PROJECTS DATA\Soutter_E_(2022)_JC36\ITRAX\JC36\JC36_74_1\JC36_74_1\XRF data\L000070.spe	318.00	7.87	1	0.010270	-0.010164	0.009073	0.081458	75123	1.75	40	949	0	181	5785	920	3373	80795	1517	164	858	735	39407	0	728	0	165	29	0	992	1172	9531	30	1869	458	0	196	285	1912	5035	413	86	337	286	130	455	90876	23817	0.177	
Y:\IMPROVED DATABASE\BOSCORF PROJECTS DATA\Soutter_E_(2022)_JC36\ITRAX\JC36\JC36_74_1\JC36_74_1\XRF data\L000071.spe	320.00	7.88	1	0.010270	-0.010164	0.009073	0.081458	76994	1.69	97	1418	0	158	5552	891	3792	89904	1507	165	1125	769	37925	59	829	148	250	196	0	949	1218	8982	67	1683	482	38	143	267	2037	5053	151	282	322	328	266	313	89936	25115	0.177	
Y:\IMPROVED DATABASE\BOSCORF PROJECTS DATA\Soutter_E_(2022)_JC36\ITRAX\JC36\JC36_74_1\JC36_74_1\XRF data\L000072.spe	322.00	7.90	1	0.010270	-0.010164	0.009073	0.081458	69051	1.67	18	1341	0	150	4485	893	3439	81857	1266	195	769	741	26839	128	755	0	160	234	0	805	1037	8373	71	720	334	32	132	173	1575	4672	70	342	156	363	233	320	84575	23284	0.173	
Y:\IMPROVED DATABASE\BOSCORF PROJECTS DATA\Soutter_E_(2022)_JC36\ITRAX\JC36\JC36_74_1\JC36_74_1\XRF data\L000073.spe	324.00	7.93	1	0.010270	-0.010164	0.009073	0.081458	72638	1.81	77	1138	0	163	5147	909	2885	74579	1097	79	929	675	35668	0	750	162	91	65	0	767	925	7447	0	1820	275	0	169	257	1693	4660	45	298	309	450	19	669	87708	23432	0.176	
Y:\IMPROVED DATABASE\BOSCORF PROJECTS DATA\Soutter_E_(2022)_JC36\ITRAX\JC36\JC36_74_1\JC36_74_1\XRF data\L000074.spe	326.00	7.96	1	0.010270	-0.010164	0.009073	0.081458	73506	1.92	49	1360	0	163	5242	899	3224	65142	2542	142	1028	671	35724	0	891	72	236	204	0	734	1202	6900	0	2702	183	0	143	353	1726	5048	160	225	353	619	165	333	90651	24140	0.179	
Y:\IMPROVED DATABASE\BOSCORF PROJECTS DATA\Soutter_E_(2022)_JC36\ITRAX\JC36\JC36_74_1\JC36_74_1\XRF data\L000075.spe	328.00	7.98	1	0.010270	-0.010164	0.009073	0.081458	73736	1.69	63	1028	0	178	5464	889	3644	67600	2178	173	1000	966	34277	288	652	126	276	193	0	976	818	6604	20	2151	312	0	230	297	1816	4961	187	259	968	346	247	0	92811	25767	0.179	
Y:\IMPROVED DATABASE\BOSCORF PROJECTS DATA\Soutter_E_(2022)_JC36\ITRAX\JC36\JC36_74_1\JC36_74_1\XRF data\L000076.spe	330.00	8.00	1	0.010270	-0.010164	0.009073	0.081458	73737	1.86	27	1460	0	171	5226	926	3799	60238	1813	196	914	846	34605	0	713	61	289	205	0	956	1301	6652	0	1894	366	95	98	265	1790	5299	97	207	252	789	215	977	93545	23921	0.180	
Y:\IMPROVED DATABASE\BOSCORF PROJECTS DATA\Soutter_E_(2022)_JC36\ITRAX\JC36\JC36_74_1\JC36_74_1\XRF data\L000077.spe	332.00	8.03	1	0.010270	-0.010164	0.009073	0.081458	72980	1.78	70	1240	0	189	5161	925	3479	66329	1129	224	746	712	36308	592	624	180	303	0	0	842	812	6780	0	979	316	38	184	223	1882	4758	153	51	840	132	265	0	91594	26160	0.178	
Y:\IMPROVED DATABASE\BOSCORF PROJECTS DATA\Soutter_E_(2022)_JC36\ITRAX\JC36\JC36_74_1\JC36_74_1\XRF data\L000078.spe	334.00	8.04	1	0.010270	-0.010164	0.009073	0.081458	73021	1.82	31	1047	0	160	5191	985	3894	68626	1521	196	1080	791	40107	0	1053	134	317	204	0	878	1025	6893	0	1230	239	0	151	318	1698	4831	0	365	536	478	116	806	90242	25390	0.176	
Y:\IMPROVED DATABASE\BOSCORF PROJECTS DATA\Soutter_E_(2022)_JC36\ITRAX\JC36\JC36_74_1\JC36_74_1\XRF data\L000079.spe	336.00	8.07	1	0.010270	-0.010164	0.009073	0.081458	77265	1.86	111	931	0	138	4820	1001	5434	95744	2514	166	970	1116	61572	0	718	162	324	285	0	1216	1210	8759	136	2575	451	40	151	181	1790	4845	265	505	190	657	218	802	84486	23294	0.172	
Y:\IMPROVED DATABASE\BOSCORF PROJECTS DATA\Soutter_E_(2022)_JC36\ITRAX\JC36\JC36_74_1\JC36_74_1\XRF data\L000080.spe	338.00	8.10	1	0.010270	-0.010164	0.009073	0.081458	79084	1.82	46	969	0	145	4800	1132	5291	118227	2898	152	898	1079	60992	156	656	95	437	0	0	1120	983	11409	0	2570	539	27	111	287	1700	4566	242	197	557	356	261	448	84209	23167	0.171	
Y:\IMPROVED DATABASE\BOSCORF PROJECTS DATA\Soutter_E_(2022)_JC36\ITRAX\JC36\JC36_74_1\JC36_74_1\XRF data\L000081.spe	340.00	8.12	1	0.010270	-0.010164	0.009073	0.081458	77324	1.74	60	905	0	148	5452	1053	4988	99347	1928	253	1025	816	49931	0	706	162	182	17	0	1292	1236	11154	263	1723	501	23	135	195	1870	4622	98	402	80	407	158	528	87373	23366	0.173	
Y:\IMPROVED DATABASE\BOSCORF PROJECTS DATA\Soutter_E_(2022)_JC36\ITRAX\JC36\JC36_74_1\JC36_74_1\XRF data\L000082.spe	342.00	8.14	1	0.010270	-0.010164	0.009073	0.081458	76088	1.75	110	861	0	144	5192	1174	5097	98874	3065	153	926	887	49744	0	716	205	388	175	0	1100	1186	10238	46	2270	537	22	139	278	1766	4704	206	414	277	462	274	647	85512	25277	0.172	
Y:\IMPROVED DATABASE\BOSCORF PROJECTS DATA\Soutter_E_(2022)_JC36\ITRAX\JC36\JC36_74_1\JC36_74_1\XRF data\L000083.spe	344.00	8.15	1	0.010270	-0.010164	0.009073	0.081458	78396	1.78	50	922	0	149	4920	1062	5568	108470	3495	175	910	1115	61545	228	724	201	400	298	0	1140	1404	10209	227	3122	562	113	150	350	1828	4550	111	317	234	360	289	341	85293	25266	0.171	
Y:\IMPROVED DATABASE\BOSCORF PROJECTS DATA\Soutter_E_(2022)_JC36\ITRAX\JC36\JC36_74_1\JC36_74_1\XRF data\L000084.spe	346.00	8.18	1	0.010270	-0.010164	0.009073	0.081458	80517	1.84	94	993	0	133	4433	1207	6285	117571	4006	155	928	1072	77551	155	644	325	280	270	0	1338	1262	10627	128	2306	644	70	159	231	1436	4385	440	253	319	632	382	202	82876	23295	0.169	
Y:\IMPROVED DATABASE\BOSCORF PROJECTS DATA\Soutter_E_(2022)_JC36\ITRAX\JC36\JC36_74_1\JC36_74_1\XRF data\L000085.spe	348.00	8.20	1	0.010270	-0.010164	0.009073	0.081458	84165	1.93	88	1100	0	123	4134	1197	7496	126856	4342	135	939	1239	89057	0	667	388	478	223	0	1621	1499	11454	288	2619	577	51	158	265	1546	4307	271	269	56	1008	404	806	84175	24645	0.170	
Y:\IMPROVED DATABASE\BOSCORF PROJECTS DATA\Soutter_E_(2022)_JC36\ITRAX\JC36\JC36_74_1\JC36_74_1\XRF data\L000086.spe	350.00	8.21	1	0.010270	-0.010164	0.009073	0.081458	83048	1.73	78	1037	0	102	4674	1149	6342	128938	3994	130	1078	1153	81306	183	715	223	334	0	0	1494	1318	11506	292	2212	654	54	170	277	1652	4364	152	520	440	596	322	394	83604	25792	0.169	
Y:\IMPROVED DATABASE\BOSCORF PROJECTS DATA\Soutter_E_(2022)_JC36\ITRAX\JC36\JC36_74_1\JC36_74_1\XRF data\L000087.spe	352.00	8.22	1	0.010270	-0.010164	0.009073	0.081458	81388	1.72	83	977	0	172	4919	1131	5789	118826	2992	224	931	1055	65016	71	729	38	348	194	0	1285	1225	11190	0	2772	592	0	207	269	1714	4683	230	115	348	594	292	220	86223	26508	0.172	
Y:\IMPROVED DATABASE\BOSCORF PROJECTS DATA\Soutter_E_(2022)_JC36\ITRAX\JC36\JC36_74_1\JC36_74_1\XRF data\L000088.spe	354.00	8.23	1	0.010270	-0.010164	0.009073	0.081458	82849	1.89	76	924	0	137	5213	1183	5767	116655	3588	188	1030	1119	71479	0	687	291	352	119	0	1143	1201	11037	233	3487	512	0	195	290	1596	4360	187	283	497	740	207	771	87175	26461	0.173	
Y:\IMPROVED DATABASE\BOSCORF PROJECTS DATA\Soutter_E_(2022)_JC36\ITRAX\JC36\JC36_74_1\JC36_74_1\XRF data\L000089.spe	356.00	8.23	1	0.010270	-0.010164	0.009073	0.081458	83492	1.85	75	972	0	124	4931	1095	6233	119878	3294	100	1192	1165	74738	0	746	124	386	151	0	1229	1475	11643	66	1965	571	0	145	270	1690	4626	121	192	202	654	318	829	87854	24012	0.174	
Y:\IMPROVED DATABASE\BOSCORF PROJECTS DATA\Soutter_E_(2022)_JC36\ITRAX\JC36\JC36_74_1\JC36_74_1\XRF data\L000090.spe	358.00	8.24	1	0.010270	-0.010164	0.009073	0.081458	85369	1.83	136	1137	0	128	4794	1121	6848	127278	3949	146	1085	1077	81645	15	742	185	299	140	0	1399	1351	12699	189	2378	512	0	220	254	1760	4537	167	218	683	594	297	649	85486	25179	0.172	
Y:\IMPROVED DATABASE\BOSCORF PROJECTS DATA\Soutter_E_(2022)_JC36\ITRAX\JC36\JC36_74_1\JC36_74_1\XRF data\L000091.spe	360.00	8.24	1	0.010270	-0.010164	0.009073	0.081458	83456	1.73	36	994	0	180	5498	1172	5417	122021	4773	145	1174	991	67164	0	837	191	209	285	0	1401	1322	11601	133	2599	628	0	195	248	1628	4519	92	243	209	632	181	733	87670	25955	0.174	
Y:\IMPROVED DATABASE\BOSCORF PROJECTS DATA\Soutter_E_(2022)_JC36\ITRAX\JC36\JC36_74_1\JC36_74_1\XRF data\L000092.spe	362.00	8.24	1	0.010270	-0.010164	0.009073	0.081458	80532	1.70	46	1118	0	136	5583	1118	4785	116021	2112	182	1032	877	50488	0	769	176	205	297	0	1148	1187	11585	191	2468	591	103	153	311	1720	4689	62	353	323	646	207	443	90244	26321	0.175	
Y:\IMPROVED DATABASE\BOSCORF PROJECTS DATA\Soutter_E_(2022)_JC36\ITRAX\JC36\JC36_74_1\JC36_74_1\XRF data\L000093.spe	364.00	8.24	1	0.010270	-0.010164	0.009073	0.081458	81288	1.75	112	1215	0	173	5793	1098	4362	117438	2226	197	963	973	50529	6	745	34	220	330	0	1277	1597	11780	0	2287	565	11	202	220	1725	4550	150	119	29	535	354	299	91384	26688	0.175	
Y:\IMPROVED DATABASE\BOSCORF PROJECTS DATA\Soutter_E_(2022)_JC36\ITRAX\JC36\JC36_74_1\JC36_74_1\XRF data\L000094.spe	366.00	8.23	1	0.010270	-0.010164	0.009073	0.081458	82928	1.79	55	1555	0	210	5668	1091	4253	128896	1419	197	844	815	50696	254	887	112	161	112	0	1022	1282	11708	177	1932	586	99	126	307	1623	5048	302	70	235	472	159	0	92451	25229	0.176	
Y:\IMPROVED DATABASE\BOSCORF PROJECTS DATA\Soutter_E_(2022)_JC36\ITRAX\JC36\JC36_74_1\JC36_74_1\XRF data\L000095.spe	368.00	8.23	1	0.010270	-0.010164	0.009073	0.081458	81426	1.83	84	1603	0	219	5725	1079	4614	109350	2259	97	1053	846	47095	0	794	101	184	7	0	1053	1247	11960	0	2317	469	24	164	311	2045	4894	144	351	234	602	203	792	92704	28357	0.177	
Y:\IMPROVED DATABASE\BOSCORF PROJECTS DATA\Soutter_E_(2022)_JC36\ITRAX\JC36\JC36_74_1\JC36_74_1\XRF data\L000096.spe	370.00	8.24	1	0.010270	-0.010164	0.009073	0.081458	81189	1.59	71	1269	0	249	6314	1187	4522	111390	2495	136	1175	776	46138	0	732	84	340	38	0	1132	734	11714	11	1974	457	0	184	225	1856	4850	186	220	759	478	207	450	90456	25089	0.178	
Y:\IMPROVED DATABASE\BOSCORF PROJECTS DATA\Soutter_E_(2022)_JC36\ITRAX\JC36\JC36_74_1\JC36_74_1\XRF data\L000097.spe	372.00	8.23	1	0.010270	-0.010164	0.009073	0.081458	82225	1.90	74	1434	0	206	5746	1100	5145	112299	2677	259	1046	935	49466	0	758	265	172	198	0	1093	1403	11177	34	3110	547	0	222	291	1695	5406	222	392	131	590	282	1284	92470	26800	0.177	
Y:\IMPROVED DATABASE\BOSCORF PROJECTS DATA\Soutter_E_(2022)_JC36\ITRAX\JC36\JC36_74_1\JC36_74_1\XRF data\L000098.spe	374.00	8.23	1	0.010270	-0.010164	0.009073	0.081458	81177	1.98	75	1467	0	174	5840	1133	5263	96710	3474	152	1098	877	50858	0	808	91	279	134	0	898	1324	9902	50	3531	429	90	207	358	1891	5266	134	210	276	543	191	598	92583	28170	0.178	
Y:\IMPROVED DATABASE\BOSCORF PROJECTS DATA\Soutter_E_(2022)_JC36\ITRAX\JC36\JC36_74_1\JC36_74_1\XRF data\L000099.spe	376.00	8.22	1	0.010270	-0.010164	0.009073	0.081458	82622	1.90	126	1503	0	215	6540	1098	5485	108156	1986	257	1113	860	55710	191	743	196	460	108	0	1139	1354	10268	116	2463	502	184	135	336	1912	5291	183	288	310	604	334	167	92049	26397	0.178	
Y:\IMPROVED DATABASE\BOSCORF PROJECTS DATA\Soutter_E_(2022)_JC36\ITRAX\JC36\JC36_74_1\JC36_74_1\XRF data\L000100.spe	378.00	8.22	1	0.010270	-0.010164	0.009073	0.081458	80495	1.80	45	1668	0	235	6672	1194	4790	93568	2218	163	1113	757	43613	0	713	196	226	369	0	1057	1619	10270	138	2516	471	94	159	350	1912	5421	306	408	143	711	149	405	94507	26768	0.179	
Y:\IMPROVED DATABASE\BOSCORF PROJECTS DATA\Soutter_E_(2022)_JC36\ITRAX\JC36\JC36_74_1\JC36_74_1\XRF data\L000101.spe	380.00	8.20	1	0.010270	-0.010164	0.009073	0.081458	78938	1.73	38	1138	0	186	6433	1016	4361	85196	1564	140	1279	694	37516	0	901	219	324	158	0	1008	1269	9303	0	1546	417	43	159	390	1928	5052	90	240	119	179	207	610	96969	27330	0.181	
Y:\IMPROVED DATABASE\BOSCORF PROJECTS DATA\Soutter_E_(2022)_JC36\ITRAX\JC36\JC36_74_1\JC36_74_1\XRF data\L000102.spe	382.00	8.22	1	0.010270	-0.010164	0.009073	0.081458	79922	1.74	43	972	0	172	6117	1170	4337	87400	1791	85	1017	818	47625	0	843	263	201	163	0	1095	1186	9802	0	1801	393	46	184	276	1925	5137	145	430	438	530	192	734	93001	25813	0.179	
Y:\IMPROVED DATABASE\BOSCORF PROJECTS DATA\Soutter_E_(2022)_JC36\ITRAX\JC36\JC36_74_1\JC36_74_1\XRF data\L000103.spe	384.00	8.20	1	0.010270	-0.010164	0.009073	0.081458	81061	1.67	47	1179	0	177	6074	1078	4654	81082	2514	185	1116	989	53720	142	878	169	308	166	82	1011	1571	9753	0	3658	453	5	216	317	2047	5034	243	238	167	422	241	123	91818	28350	0.180	
Y:\IMPROVED DATABASE\BOSCORF PROJECTS DATA\Soutter_E_(2022)_JC36\ITRAX\JC36\JC36_74_1\JC36_74_1\XRF data\L000104.spe	386.00	8.19	1	0.010270	-0.010164	0.009073	0.081458	80229	1.98	57	1798	0	202	5847	999	3963	76759	2487	128	1035	831	39421	0	890	103	0	272	0	987	1337	8173	0	3114	275	0	220	282	2009	5685	312	244	35	334	133	388	96974	26706	0.183	
Y:\IMPROVED DATABASE\BOSCORF PROJECTS DATA\Soutter_E_(2022)_JC36\ITRAX\JC36\JC36_74_1\JC36_74_1\XRF data\L000105.spe	388.00	8.18	1	0.010270	-0.010164	0.009073	0.081458	77940	1.88	59	2364	0	127	4620	1044	4516	78768	2261	167	1159	760	39197	0	852	101	106	385	0	898	1004	8089	113	945	393	19	171	374	1980	4928	234	182	343	585	223	400	96082	28077	0.181	
Y:\IMPROVED DATABASE\BOSCORF PROJECTS DATA\Soutter_E_(2022)_JC36\ITRAX\JC36\JC36_74_1\JC36_74_1\XRF data\L000106.spe	390.00	8.18	1	0.010270	-0.010164	0.009073	0.081458	80478	1.75	66	2256	0	138	5097	1052	5105	87702	1807	149	1146	720	38226	265	786	31	259	62	0	894	1120	8303	104	1151	337	46	190	271	2002	5276	175	180	158	434	250	82	97568	28057	0.182	
Y:\IMPROVED DATABASE\BOSCORF PROJECTS DATA\Soutter_E_(2022)_JC36\ITRAX\JC36\JC36_74_1\JC36_74_1\XRF data\L000107.spe	392.00	8.17	1	0.010270	-0.010164	0.009073	0.081458	77479	1.71	105	1980	0	173	5123	1139	4009	73521	1356	123	989	757	40903	241	863	65	161	150	0	808	1461	8333	25	1190	365	108	212	405	1958	5201	339	314	416	537	253	0	95566	29548	0.180	
Y:\IMPROVED DATABASE\BOSCORF PROJECTS DATA\Soutter_E_(2022)_JC36\ITRAX\JC36\JC36_74_1\JC36_74_1\XRF data\L000108.spe	394.00	8.18	1	0.010270	-0.010164	0.009073	0.081458	79646	1.75	100	1244	0	224	6293	1119	4170	73899	2796	131	926	1044	43117	128	977	335	335	140	0	954	1379	8818	78	843	398	0	232	235	2146	5657	192	262	172	285	232	157	95831	25950	0.182	
Y:\IMPROVED DATABASE\BOSCORF PROJECTS DATA\Soutter_E_(2022)_JC36\ITRAX\JC36\JC36_74_1\JC36_74_1\XRF data\L000109.spe	396.00	8.17	1	0.010270	-0.010164	0.009073	0.081458	80213	1.90	108	1114	0	173	5839	1113	4078	84444	2226	133	1325	855	51009	105	815	166	306	176	0	967	1260	9091	56	1834	349	48	227	319	2091	5308	199	210	287	519	300	189	95196	26904	0.179	
Y:\IMPROVED DATABASE\BOSCORF PROJECTS DATA\Soutter_E_(2022)_JC36\ITRAX\JC36\JC36_74_1\JC36_74_1\XRF data\L000110.spe	398.00	8.18	1	0.010270	-0.010164	0.009073	0.081458	83046	1.83	119	1282	0	170	5077	1137	6005	106765	3094	150	1121	1003	67466	0	829	129	555	301	0	1254	1363	9747	112	2457	514	137	192	341	1833	4896	427	49	433	676	293	787	90809	27943	0.176	
Y:\IMPROVED DATABASE\BOSCORF PROJECTS DATA\Soutter_E_(2022)_JC36\ITRAX\JC36\JC36_74_1\JC36_74_1\XRF data\L000111.spe	400.00	8.18	1	0.010270	-0.010164	0.009073	0.081458	90154	1.88	135	1406	0	81	4277	1144	7933	136363	5581	103	1135	1350	101471	63	605	238	577	179	0	1567	1430	11836	237	3400	550	14	179	262	1560	4425	290	260	570	890	506	507	87189	24228	0.174	
Y:\IMPROVED DATABASE\BOSCORF PROJECTS DATA\Soutter_E_(2022)_JC36\ITRAX\JC36\JC36_74_1\JC36_74_1\XRF data\L000112.spe	402.00	8.18	1	0.010270	-0.010164	0.009073	0.081458	92053	2.06	55	1357	0	89	4190	1271	8488	144460	5371	132	1092	1444	109453	0	824	298	424	285	0	1897	1643	12197	170	1901	645	111	157	341	1420	4491	177	128	356	952	611	1038	87112	25204	0.173	
Y:\IMPROVED DATABASE\BOSCORF PROJECTS DATA\Soutter_E_(2022)_JC36\ITRAX\JC36\JC36_74_1\JC36_74_1\XRF data\L000113.spe	404.00	8.18	1	0.010270	-0.010164	0.009073	0.081458	93730	1.86	144	1507	0	121	3931	1155	9256	146590	6038	268	1135	1526	116738	0	751	276	489	223	0	1911	1682	12395	369	2812	717	165	100	294	1609	4123	155	343	328	946	497	887	88611	24947	0.174	
Y:\IMPROVED DATABASE\BOSCORF PROJECTS DATA\Soutter_E_(2022)_JC36\ITRAX\JC36\JC36_74_1\JC36_74_1\XRF data\L000114.spe	406.00	8.17	1	0.010270	-0.010164	0.009073	0.081458	90313	1.91	105	1293	0	114	4582	1254	8057	131063	4898	147	1043	1209	96949	6	846	241	404	193	0	1802	1520	11815	123	2733	579	0	163	211	1482	4711	173	287	384	943	368	269	90109	24609	0.175	
Y:\IMPROVED DATABASE\BOSCORF PROJECTS DATA\Soutter_E_(2022)_JC36\ITRAX\JC36\JC36_74_1\JC36_74_1\XRF data\L000115.spe	408.00	8.16	1	0.010270	-0.010164	0.009073	0.081458	86382	1.83	87	1212	0	139	4560	1158	7509	121993	4260	202	1202	1172	84493	524	780	374	467	131	0	1329	1670	11398	251	2781	558	88	164	270	1610	4604	310	181	222	565	531	0	89104	23431	0.174	
Y:\IMPROVED DATABASE\BOSCORF PROJECTS DATA\Soutter_E_(2022)_JC36\ITRAX\JC36\JC36_74_1\JC36_74_1\XRF data\L000116.spe	410.00	8.15	1	0.010270	-0.010164	0.009073	0.081458	87038	1.79	135	1404	0	150	4701	1132	7382	119970	4384	237	1036	1132	86360	0	838	189	344	165	0	1655	1427	11595	30	2227	526	52	138	244	1792	4509	344	318	457	706	385	797	90146	27989	0.175	
Y:\IMPROVED DATABASE\BOSCORF PROJECTS DATA\Soutter_E_(2022)_JC36\ITRAX\JC36\JC36_74_1\JC36_74_1\XRF data\L000117.spe	412.00	8.14	1	0.010270	-0.010164	0.009073	0.081458	86960	1.89	104	1235	0	180	4933	1104	6821	130119	4090	159	1154	1050	81473	0	782	217	346	160	0	1285	1309	12189	39	2283	623	79	102	279	1622	4604	162	569	600	742	414	546	88440	25348	0.174	
Y:\IMPROVED DATABASE\BOSCORF PROJECTS DATA\Soutter_E_(2022)_JC36\ITRAX\JC36\JC36_74_1\JC36_74_1\XRF data\L000118.spe	414.00	8.13	1	0.010270	-0.010164	0.009073	0.081458	85494	1.84	102	1341	0	110	4787	1176	6729	131254	3727	229	1022	1250	73624	0	775	180	279	84	0	1207	1297	12262	126	2355	595	33	151	293	1681	4991	402	88	298	558	255	619	88004	25740	0.174	
Y:\IMPROVED DATABASE\BOSCORF PROJECTS DATA\Soutter_E_(2022)_JC36\ITRAX\JC36\JC36_74_1\JC36_74_1\XRF data\L000119.spe	416.00	8.12	1	0.010270	-0.010164	0.009073	0.081458	86343	1.86	66	1305	0	171	4881	1129	6553	131614	3244	175	1014	1218	73588	6	703	120	336	146	0	1318	1589	12062	169	2115	609	51	186	300	1819	4621	152	259	258	670	199	604	90478	27774	0.175	
Y:\IMPROVED DATABASE\BOSCORF PROJECTS DATA\Soutter_E_(2022)_JC36\ITRAX\JC36\JC36_74_1\JC36_74_1\XRF data\L000120.spe	418.00	8.13	1	0.010270	-0.010164	0.009073	0.081458	85338	1.82	82	1330	0	158	4545	1127	7095	124430	3576	106	1054	1140	76221	0	803	264	378	150	0	1235	1537	11199	267	2678	574	131	154	239	1600	4545	203	34	265	981	266	1108	91188	26906	0.174	
Y:\IMPROVED DATABASE\BOSCORF PROJECTS DATA\Soutter_E_(2022)_JC36\ITRAX\JC36\JC36_74_1\JC36_74_1\XRF data\L000121.spe	420.00	8.13	1	0.010270	-0.010164	0.009073	0.081458	88515	1.84	76	1475	0	131	4698	1181	7460	126775	4970	247	959	1345	83644	0	817	348	468	349	0	1449	1579	11605	258	3508	645	0	216	258	1505	4852	319	328	171	855	304	368	89581	24828	0.176	
Y:\IMPROVED DATABASE\BOSCORF PROJECTS DATA\Soutter_E_(2022)_JC36\ITRAX\JC36\JC36_74_1\JC36_74_1\XRF data\L000122.spe	422.00	8.11	1	0.010270	-0.010164	0.009073	0.081458	84800	1.82	74	1351	0	179	5111	1042	6149	113306	4137	196	1014	1067	70366	21	733	123	398	195	0	1324	1356	10980	236	3096	479	0	180	301	1704	4707	250	244	457	579	200	601	91047	28908	0.176	
Y:\IMPROVED DATABASE\BOSCORF PROJECTS DATA\Soutter_E_(2022)_JC36\ITRAX\JC36\JC36_74_1\JC36_74_1\XRF data\L000123.spe	424.00	8.10	1	0.010270	-0.010164	0.009073	0.081458	86618	1.79	126	1216	0	174	4971	1100	6673	124618	4153	195	1205	1058	78375	5	860	240	274	0	0	1316	1289	11430	143	1880	688	118	135	285	1767	4801	171	218	354	689	286	737	89738	27880	0.176	
Y:\IMPROVED DATABASE\BOSCORF PROJECTS DATA\Soutter_E_(2022)_JC36\ITRAX\JC36\JC36_74_1\JC36_74_1\XRF data\L000124.spe	426.00	8.11	1	0.010270	-0.010164	0.009073	0.081458	93639	1.81	149	1272	0	134	4047	1161	8634	143160	5136	179	1132	1452	111767	21	765	362	561	174	0	1826	1440	11915	348	2680	600	48	122	224	1508	4260	264	373	418	772	419	878	89593	23594	0.175	
Y:\IMPROVED DATABASE\BOSCORF PROJECTS DATA\Soutter_E_(2022)_JC36\ITRAX\JC36\JC36_74_1\JC36_74_1\XRF data\L000125.spe	428.00	8.11	1	0.010270	-0.010164	0.009073	0.081458	92123	1.89	107	1422	0	141	4059	1227	8860	150064	5084	164	1117	1334	104917	254	862	205	485	130	0	1704	1373	12386	395	2203	694	76	133	269	1699	4323	334	508	592	1029	435	162	89019	26143	0.173	
Y:\IMPROVED DATABASE\BOSCORF PROJECTS DATA\Soutter_E_(2022)_JC36\ITRAX\JC36\JC36_74_1\JC36_74_1\XRF data\L000126.spe	430.00	8.11	1	0.010270	-0.010164	0.009073	0.081458	90045	1.87	104	1280	0	92	3996	1227	7997	145513	4713	282	1032	1248	97833	0	748	204	444	62	0	1494	1433	12063	323	2169	734	66	130	277	1667	4218	246	124	340	1054	389	764	87781	26235	0.173	
Y:\IMPROVED DATABASE\BOSCORF PROJECTS DATA\Soutter_E_(2022)_JC36\ITRAX\JC36\JC36_74_1\JC36_74_1\XRF data\L000127.spe	432.00	8.10	1	0.010270	-0.010164	0.009073	0.081458	92366	2.02	99	1308	0	130	4096	1165	8686	157345	5053	93	1140	1398	104074	940	736	212	411	135	0	1516	1162	12544	277	2384	708	82	122	317	1571	4097	226	271	625	416	523	0	89208	27524	0.174	
Y:\IMPROVED DATABASE\BOSCORF PROJECTS DATA\Soutter_E_(2022)_JC36\ITRAX\JC36\JC36_74_1\JC36_74_1\XRF data\L000128.spe	434.00	8.09	1	0.010270	-0.010164	0.009073	0.081458	90184	1.90	64	1290	0	158	4552	1279	7487	148331	4093	160	1389	1144	90263	35	879	255	576	119	0	1497	1300	12584	95	2228	640	102	89	300	1641	4460	303	202	582	895	355	509	88970	25847	0.175	
Y:\IMPROVED DATABASE\BOSCORF PROJECTS DATA\Soutter_E_(2022)_JC36\ITRAX\JC36\JC36_74_1\JC36_74_1\XRF data\L000129.spe	436.00	8.08	1	0.010270	-0.010164	0.009073	0.081458	93177	1.93	128	1532	0	92	4461	1186	7907	139771	4597	39	1021	1317	94391	285	793	323	482	86	0	1724	1549	12027	211	2352	702	55	192	327	1773	4491	379	281	100	680	547	299	96009	26247	0.179	
Y:\IMPROVED DATABASE\BOSCORF PROJECTS DATA\Soutter_E_(2022)_JC36\ITRAX\JC36\JC36_74_1\JC36_74_1\XRF data\L000130.spe	438.00	8.06	1	0.010270	-0.010164	0.009073	0.081458	100487	1.81	176	1381	0	151	4108	1244	10232	149908	5659	254	1192	1452	130774	0	741	281	656	86	0	2365	1648	12703	328	2230	784	33	132	224	1729	4141	239	468	609	937	567	923	94887	24540	0.179	
Y:\IMPROVED DATABASE\BOSCORF PROJECTS DATA\Soutter_E_(2022)_JC36\ITRAX\JC36\JC36_74_1\JC36_74_1\XRF data\L000131.spe	440.00	8.07	1	0.010270	-0.010164	0.009073	0.081458	95493	1.94	145	1144	0	117	3503	1303	9327	142004	5339	167	1106	1417	128418	354	770	423	571	109	0	2303	1721	12327	418	2222	666	211	81	231	1681	3874	237	509	144	944	532	356	89905	25659	0.175	
Y:\IMPROVED DATABASE\BOSCORF PROJECTS DATA\Soutter_E_(2022)_JC36\ITRAX\JC36\JC36_74_1\JC36_74_1\XRF data\L000132.spe	442.00	8.07	1	0.010270	-0.010164	0.009073	0.081458	96624	1.79	118	1130	0	106	3695	1233	9150	140772	5878	169	1058	1609	128483	122	677	423	537	214	0	2649	1877	12947	255	2110	730	36	207	181	1475	3782	230	54	185	941	613	801	92074	23507	0.177	
Y:\IMPROVED DATABASE\BOSCORF PROJECTS DATA\Soutter_E_(2022)_JC36\ITRAX\JC36\JC36_74_1\JC36_74_1\XRF data\L000133.spe	444.00	8.07	1	0.010270	-0.010164	0.009073	0.081458	97502	1.83	153	1160	0	77	3634	1188	9445	140356	5341	264	1019	1441	131564	70	883	357	449	211	0	2581	1865	12757	352	1916	598	92	127	247	1443	3735	377	371	350	959	601	1236	93720	24958	0.177	
Y:\IMPROVED DATABASE\BOSCORF PROJECTS DATA\Soutter_E_(2022)_JC36\ITRAX\JC36\JC36_74_1\JC36_74_1\XRF data\L000134.spe	446.00	8.07	1	0.010270	-0.010164	0.009073	0.081458	98532	1.79	143	1187	0	80	3888	1167	9282	139614	5757	180	1115	1577	133275	0	773	384	576	99	0	2668	1925	13184	166	1853	747	121	196	307	1445	3848	363	315	567	1241	491	1325	95462	24359	0.179	
Y:\IMPROVED DATABASE\BOSCORF PROJECTS DATA\Soutter_E_(2022)_JC36\ITRAX\JC36\JC36_74_1\JC36_74_1\XRF data\L000135.spe	448.00	8.07	1	0.010270	-0.010164	0.009073	0.081458	99499	1.79	143	1198	0	118	4040	1126	9438	140138	5704	163	1138	1530	135565	199	811	518	596	21	0	2634	1680	13010	500	2177	596	41	163	247	1542	3822	404	154	485	1114	612	652	95093	25788	0.179	
Y:\IMPROVED DATABASE\BOSCORF PROJECTS DATA\Soutter_E_(2022)_JC36\ITRAX\JC36\JC36_74_1\JC36_74_1\XRF data\L000136.spe	450.00	8.07	1	0.010270	-0.010164	0.009073	0.081458	95003	1.83	101	1236	0	96	3589	1128	9028	136638	5771	196	1036	1619	130662	172	700	378	548	0	0	2412	1641	12517	325	2178	697	67	110	264	1475	3741	318	461	591	1056	644	534	90449	25512	0.175	
Y:\IMPROVED DATABASE\BOSCORF PROJECTS DATA\Soutter_E_(2022)_JC36\ITRAX\JC36\JC36_74_1\JC36_74_1\XRF data\L000137.spe	452.00	8.07	1	0.010270	-0.010164	0.009073	0.081458	90516	1.71	83	1411	0	141	4323	1075	7758	131103	3569	123	1095	1127	93757	0	883	223	512	38	0	2009	1656	12520	260	1949	643	50	139	215	1637	4211	331	258	152	892	355	636	92582	24640	0.178	
Y:\IMPROVED DATABASE\BOSCORF PROJECTS DATA\Soutter_E_(2022)_JC36\ITRAX\JC36\JC36_74_1\JC36_74_1\XRF data\L000138.spe	454.00	8.07	1	0.010270	-0.010164	0.009073	0.081458	83078	1.80	74	1282	0	118	3918	1013	7054	118998	3956	185	925	1327	87268	118	662	211	453	170	0	1774	1395	11017	356	2313	481	90	111	242	1394	3953	153	351	384	573	420	640	86791	24824	0.172	
Y:\IMPROVED DATABASE\BOSCORF PROJECTS DATA\Soutter_E_(2022)_JC36\ITRAX\JC36\JC36_74_1\JC36_74_1\XRF data\L000139.spe	456.00	8.10	1	0.010270	-0.010164	0.009073	0.081458	91502	2.07	135	1330	0	68	3949	1060	8374	153075	4530	214	1103	1340	96551	0	762	228	512	193	0	1872	1556	12796	120	2389	682	0	184	248	1550	4351	297	243	469	850	276	1192	88575	23625	0.175	
Y:\IMPROVED DATABASE\BOSCORF PROJECTS DATA\Soutter_E_(2022)_JC36\ITRAX\JC36\JC36_74_1\JC36_74_1\XRF data\L000140.spe	458.00	8.09	1	0.010270	-0.010164	0.009073	0.081458	85621	1.93	108	1107	0	108	4665	1114	6791	124838	3649	150	1125	1331	77204	70	678	220	359	152	0	1543	1473	11844	115	1594	524	0	178	277	1718	4764	174	369	290	593	548	593	89985	24097	0.175	
Y:\IMPROVED DATABASE\BOSCORF PROJECTS DATA\Soutter_E_(2022)_JC36\ITRAX\JC36\JC36_74_1\JC36_74_1\XRF data\L000141.spe	460.00	8.08	1	0.010270	-0.010164	0.009073	0.081458	84061	1.81	97	1299	0	126	4418	1038	6976	123925	4117	241	1091	1262	74857	0	838	251	460	160	0	1170	1549	10965	0	2048	514	87	144	321	1673	4510	231	203	140	803	419	612	87960	26140	0.173	
Y:\IMPROVED DATABASE\BOSCORF PROJECTS DATA\Soutter_E_(2022)_JC36\ITRAX\JC36\JC36_74_1\JC36_74_1\XRF data\L000142.spe	462.00	8.09	1	0.010270	-0.010164	0.009073	0.081458	83986	1.85	108	1260	0	133	4615	1133	6389	111593	3259	165	1099	937	73237	0	791	71	319	283	0	1298	1337	10649	242	1945	612	38	158	222	1649	4597	380	229	366	511	393	771	87838	25140	0.176	
Y:\IMPROVED DATABASE\BOSCORF PROJECTS DATA\Soutter_E_(2022)_JC36\ITRAX\JC36\JC36_74_1\JC36_74_1\XRF data\L000143.spe	464.00	8.11	1	0.010270	-0.010164	0.009073	0.081458	93062	2.01	187	1411	0	120	4165	1093	8274	133521	4581	186	1044	1369	105376	96	770	361	466	102	0	1743	1633	12100	405	2351	688	153	78	299	1567	4358	208	357	407	934	450	460	93354	27080	0.178	
Y:\IMPROVED DATABASE\BOSCORF PROJECTS DATA\Soutter_E_(2022)_JC36\ITRAX\JC36\JC36_74_1\JC36_74_1\XRF data\L000144.spe	466.00	8.12	1	0.010270	-0.010164	0.009073	0.081458	84246	1.91	128	2303	0	110	3308	1255	7453	133622	4044	155	959	1338	79708	0	686	268	329	113	20	1049	1583	9836	279	1465	592	183	129	294	1666	4759	86	363	40	666	354	722	86558	25940	0.172	
Y:\IMPROVED DATABASE\BOSCORF PROJECTS DATA\Soutter_E_(2022)_JC36\ITRAX\JC36\JC36_74_1\JC36_74_1\XRF data\L000145.spe	468.00	8.13	1	0.010270	-0.010164	0.009073	0.081458	83177	1.80	76	1353	0	108	3255	1152	7922	129040	4196	145	1012	1182	87712	0	772	317	370	161	0	1247	1557	11092	82	2030	682	129	122	305	1397	4060	204	200	0	864	383	720	84991	24894	0.170	
Y:\IMPROVED DATABASE\BOSCORF PROJECTS DATA\Soutter_E_(2022)_JC36\ITRAX\JC36\JC36_74_1\JC36_74_1\XRF data\L000146.spe	470.00	8.12	1	0.010270	-0.010164	0.009073	0.081458	91306	1.93	89	1374	0	108	3920	1074	8796	147444	5163	112	1027	1375	101597	0	810	148	410	139	0	1682	1444	12606	421	2120	725	100	132	232	1608	4148	419	243	411	965	446	1287	88741	26545	0.175	
Y:\IMPROVED DATABASE\BOSCORF PROJECTS DATA\Soutter_E_(2022)_JC36\ITRAX\JC36\JC36_74_1\JC36_74_1\XRF data\L000147.spe	472.00	8.15	1	0.010270	-0.010164	0.009073	0.081458	93111	1.74	107	1128	0	89	3669	1145	8649	138323	5193	234	1115	1408	116377	146	854	334	507	113	0	2091	1659	12167	448	2275	624	44	165	290	1624	3749	234	487	260	847	522	701	90625	27503	0.175	
Y:\IMPROVED DATABASE\BOSCORF PROJECTS DATA\Soutter_E_(2022)_JC36\ITRAX\JC36\JC36_74_1\JC36_74_1\XRF data\L000148.spe	474.00	8.15	1	0.010270	-0.010164	0.009073	0.081458	94368	1.76	117	1247	0	93	3552	1115	9259	141618	5628	227	983	1577	121013	172	847	467	498	180	0	2165	1654	12695	226	2078	591	84	163	283	1456	3994	251	212	140	933	424	813	91102	24656	0.175	
Y:\IMPROVED DATABASE\BOSCORF PROJECTS DATA\Soutter_E_(2022)_JC36\ITRAX\JC36\JC36_74_1\JC36_74_1\XRF data\L000149.spe	476.00	8.17	1	0.010270	-0.010164	0.009073	0.081458	93988	1.79	151	1237	0	84	3516	1194	9145	145176	4910	194	1107	1456	120639	0	743	306	591	0	29	2176	1717	12741	150	1707	705	115	141	275	1458	3971	137	452	177	1076	524	1034	90317	23334	0.174	
Y:\IMPROVED DATABASE\BOSCORF PROJECTS DATA\Soutter_E_(2022)_JC36\ITRAX\JC36\JC36_74_1\JC36_74_1\XRF data\L000150.spe	478.00	8.17	1	0.010270	-0.010164	0.009073	0.081458	93995	1.99	138	1270	0	89	3441	1137	9476	151138	5315	142	1234	1483	117924	621	734	269	581	100	0	1974	1583	12481	236	2189	746	143	139	306	1547	3850	154	434	88	749	563	0	90401	25673	0.173	
Y:\IMPROVED DATABASE\BOSCORF PROJECTS DATA\Soutter_E_(2022)_JC36\ITRAX\JC36\JC36_74_1\JC36_74_1\XRF data\L000151.spe	480.00	8.18	1	0.010270	-0.010164	0.009073	0.081458	89602	2.01	103	1303	0	58	3535	1071	8739	145902	5359	176	1023	1446	106094	219	774	327	494	184	0	1562	1578	12057	317	1835	611	72	135	228	1397	4196	27	393	135	674	390	613	87323	24065	0.171	
Y:\IMPROVED DATABASE\BOSCORF PROJECTS DATA\Soutter_E_(2022)_JC36\ITRAX\JC36\JC36_74_1\JC36_74_1\XRF data\L000152.spe	482.00	8.19	1	0.010270	-0.010164	0.009073	0.081458	86103	1.84	111	1238	0	151	4333	1145	7725	131701	4458	148	1072	1287	88150	620	657	230	431	141	0	1314	1327	11357	383	2070	642	117	150	248	1594	4495	362	404	465	481	449	0	86031	23080	0.172	
Y:\IMPROVED DATABASE\BOSCORF PROJECTS DATA\Soutter_E_(2022)_JC36\ITRAX\JC36\JC36_74_1\JC36_74_1\XRF data\L000153.spe	484.00	8.19	1	0.010270	-0.010164	0.009073	0.081458	85145	1.95	117	1393	0	100	4157	1049	7390	131459	3990	165	919	1170	83012	172	840	132	339	220	0	1118	1578	11082	124	2190	566	10	166	224	1744	4228	387	245	278	529	271	409	85624	24783	0.172	
Y:\IMPROVED DATABASE\BOSCORF PROJECTS DATA\Soutter_E_(2022)_JC36\ITRAX\JC36\JC36_74_1\JC36_74_1\XRF data\L000154.spe	486.00	8.19	1	0.010270	-0.010164	0.009073	0.081458	81522	1.77	75	1443	0	97	3581	991	7239	128759	3869	174	894	1066	81694	173	751	225	262	198	0	1199	1116	10886	313	2447	583	135	78	340	1430	4032	67	297	574	508	358	540	83411	22656	0.169	
Y:\IMPROVED DATABASE\BOSCORF PROJECTS DATA\Soutter_E_(2022)_JC36\ITRAX\JC36\JC36_74_1\JC36_74_1\XRF data\L000155.spe	488.00	8.20	1	0.010270	-0.010164	0.009073	0.081458	88333	1.78	108	1234	0	136	4238	964	8000	130590	4410	203	1077	1256	101799	0	735	209	288	198	0	1397	1584	11615	289	2741	632	121	88	223	1468	4378	210	377	213	805	447	862	84777	24044	0.172	
Y:\IMPROVED DATABASE\BOSCORF PROJECTS DATA\Soutter_E_(2022)_JC36\ITRAX\JC36\JC36_74_1\JC36_74_1\XRF data\L000156.spe	490.00	8.22	1	0.010270	-0.010164	0.009073	0.081458	89892	1.77	103	1273	0	152	4057	1047	8225	133356	4551	173	1077	1344	108929	89	774	212	531	281	0	1800	1401	12165	351	2413	655	55	138	232	1581	4086	462	383	613	765	489	629	87501	26374	0.173	
Y:\IMPROVED DATABASE\BOSCORF PROJECTS DATA\Soutter_E_(2022)_JC36\ITRAX\JC36\JC36_74_1\JC36_74_1\XRF data\L000157.spe	492.00	8.22	1	0.010270	-0.010164	0.009073	0.081458	88398	1.87	120	1396	0	111	4505	956	7595	129972	4569	173	1149	1312	95702	330	682	236	417	135	0	1577	1629	12072	262	2837	611	10	148	188	1589	4511	189	264	162	651	478	302	88047	24049	0.174	
Y:\IMPROVED DATABASE\BOSCORF PROJECTS DATA\Soutter_E_(2022)_JC36\ITRAX\JC36\JC36_74_1\JC36_74_1\XRF data\L000158.spe	494.00	8.23	1	0.010270	-0.010164	0.009073	0.081458	86825	1.80	125	1266	0	184	4220	1050	7378	133984	5400	169	1084	1235	90644	0	709	256	362	214	0	1345	1580	11453	366	2459	737	84	140	241	1472	4159	109	465	118	690	317	686	88367	25929	0.172	
Y:\IMPROVED DATABASE\BOSCORF PROJECTS DATA\Soutter_E_(2022)_JC36\ITRAX\JC36\JC36_74_1\JC36_74_1\XRF data\L000159.spe	496.00	8.25	1	0.010270	-0.010164	0.009073	0.081458	82578	1.76	57	1277	0	124	4452	1068	6327	118352	3877	175	929	1044	79734	374	800	245	411	118	0	1166	1493	11169	160	2689	586	0	182	207	1475	4401	175	196	205	522	366	34	87383	23835	0.171	
Y:\IMPROVED DATABASE\BOSCORF PROJECTS DATA\Soutter_E_(2022)_JC36\ITRAX\JC36\JC36_74_1\JC36_74_1\XRF data\L000160.spe	498.00	8.25	1	0.010270	-0.010164	0.009073	0.081458	87869	1.82	134	1321	0	79	4071	1012	7957	139976	4195	206	1056	1442	94788	18	809	191	338	195	0	1592	1582	12008	212	2465	683	61	95	184	1480	4082	136	481	280	727	282	641	84984	25268	0.171	
Y:\IMPROVED DATABASE\BOSCORF PROJECTS DATA\Soutter_E_(2022)_JC36\ITRAX\JC36\JC36_74_1\JC36_74_1\XRF data\L000161.spe	500.00	8.26	1	0.010270	-0.010164	0.009073	0.081458	89117	1.93	98	1393	0	85	3699	1083	8296	139793	4842	120	991	1218	96819	172	808	302	492	74	0	1407	1470	11833	299	2282	637	132	162	301	1601	4531	107	539	189	791	536	539	88155	29074	0.173	
Y:\IMPROVED DATABASE\BOSCORF PROJECTS DATA\Soutter_E_(2022)_JC36\ITRAX\JC36\JC36_74_1\JC36_74_1\XRF data\L000162.spe	502.00	8.27	1	0.010270	-0.010164	0.009073	0.081458	94799	1.86	96	1400	0	126	3668	1083	9369	146884	5818	147	1097	1536	118315	123	799	391	389	197	0	1870	1597	12140	76	1883	728	56	168	231	1511	4088	230	168	309	850	457	770	90533	24069	0.175	
Y:\IMPROVED DATABASE\BOSCORF PROJECTS DATA\Soutter_E_(2022)_JC36\ITRAX\JC36\JC36_74_1\JC36_74_1\XRF data\L000163.spe	504.00	8.27	1	0.010270	-0.010164	0.009073	0.081458	83635	1.98	101	1293	0	141	4510	1081	6783	115334	3616	228	950	1213	72849	395	814	233	534	138	0	1355	1254	10940	50	2785	546	55	133	287	1738	4727	122	232	358	632	330	0	89222	26312	0.174	
Y:\IMPROVED DATABASE\BOSCORF PROJECTS DATA\Soutter_E_(2022)_JC36\ITRAX\JC36\JC36_74_1\JC36_74_1\XRF data\L000164.spe	506.00	8.28	1	0.010270	-0.010164	0.009073	0.081458	84673	1.81	132	1290	0	136	4148	1078	6799	123499	3663	193	1133	1076	80671	0	727	279	439	0	0	1437	1460	10837	198	1515	540	139	122	269	1732	4212	212	487	350	908	294	1136	87427	24427	0.173	
Y:\IMPROVED DATABASE\BOSCORF PROJECTS DATA\Soutter_E_(2022)_JC36\ITRAX\JC36\JC36_74_1\JC36_74_1\XRF data\L000165.spe	508.00	8.29	1	0.010270	-0.010164	0.009073	0.081458	88106	1.73	103	1456	0	109	4269	1134	7401	129742	4740	184	1113	1258	89469	152	799	271	279	201	0	1642	1673	11599	227	2031	601	63	146	272	1555	4288	405	247	208	940	438	330	91893	25824	0.175	
Y:\IMPROVED DATABASE\BOSCORF PROJECTS DATA\Soutter_E_(2022)_JC36\ITRAX\JC36\JC36_74_1\JC36_74_1\XRF data\L000166.spe	510.00	8.30	1	0.010270	-0.010164	0.009073	0.081458	83472	1.82	103	1726	0	159	4212	1082	5488	121710	3631	179	1118	1180	70770	94	679	259	260	264	0	1196	1145	10484	161	2141	557	86	164	294	1569	4713	228	186	564	514	297	457	88721	24985	0.175	
Y:\IMPROVED DATABASE\BOSCORF PROJECTS DATA\Soutter_E_(2022)_JC36\ITRAX\JC36\JC36_74_1\JC36_74_1\XRF data\L000167.spe	512.00	8.31	1	0.010270	-0.010164	0.009073	0.081458	88150	1.73	120	1531	0	125	4047	1091	7334	129176	4204	199	994	1315	96038	258	833	148	385	0	0	1666	1543	11132	267	1917	648	60	139	279	1676	4125	239	461	402	665	381	524	89569	25778	0.174	
Y:\IMPROVED DATABASE\BOSCORF PROJECTS DATA\Soutter_E_(2022)_JC36\ITRAX\JC36\JC36_74_1\JC36_74_1\XRF data\L000168.spe	514.00	8.31	1	0.010270	-0.010164	0.009073	0.081458	89724	1.83	109	1427	0	125	3840	1053	8064	130574	5472	144	1050	1288	103226	119	813	308	560	210	0	1628	1668	11672	336	2366	612	0	158	263	1513	3916	170	446	292	803	471	618	90064	26133	0.174	
Y:\IMPROVED DATABASE\BOSCORF PROJECTS DATA\Soutter_E_(2022)_JC36\ITRAX\JC36\JC36_74_1\JC36_74_1\XRF data\L000169.spe	516.00	8.32	1	0.010270	-0.010164	0.009073	0.081458	89961	1.84	161	1472	0	182	3787	984	8322	135675	5595	211	1064	1365	106214	243	829	310	505	82	0	1831	1356	12204	405	2667	580	60	152	249	1512	3997	82	165	495	781	536	351	88316	24932	0.173	
Y:\IMPROVED DATABASE\BOSCORF PROJECTS DATA\Soutter_E_(2022)_JC36\ITRAX\JC36\JC36_74_1\JC36_74_1\XRF data\L000170.spe	518.00	8.33	1	0.010270	-0.010164	0.009073	0.081458	90949	1.77	105	1343	0	112	3688	1003	8462	150602	4783	180	1094	1576	105509	0	652	221	408	0	0	1761	1602	12634	226	2714	784	146	76	259	1435	3905	68	345	329	922	596	1075	86608	26328	0.173	
Y:\IMPROVED DATABASE\BOSCORF PROJECTS DATA\Soutter_E_(2022)_JC36\ITRAX\JC36\JC36_74_1\JC36_74_1\XRF data\L000171.spe	520.00	8.34	1	0.010270	-0.010164	0.009073	0.081458	90676	1.82	115	1346	0	141	4345	1090	7916	164251	5004	180	1128	1303	93953	451	663	169	411	28	0	1658	1410	13300	309	2840	781	112	32	299	1562	4117	171	302	316	578	235	13	84294	21881	0.172	
Y:\IMPROVED DATABASE\BOSCORF PROJECTS DATA\Soutter_E_(2022)_JC36\ITRAX\JC36\JC36_74_1\JC36_74_1\XRF data\L000172.spe	522.00	8.34	1	0.010270	-0.010164	0.009073	0.081458	86746	1.77	98	1486	0	171	4366	1038	6950	142688	4257	167	1030	1342	80377	86	851	126	441	52	0	1285	1284	12070	189	3181	609	150	121	253	1603	4522	133	547	496	658	282	485	86905	26003	0.172	
Y:\IMPROVED DATABASE\BOSCORF PROJECTS DATA\Soutter_E_(2022)_JC36\ITRAX\JC36\JC36_74_1\JC36_74_1\XRF data\L000173.spe	524.00	8.34	1	0.010270	-0.010164	0.009073	0.081458	81034	1.82	74	1539	0	123	4438	1009	5540	107868	3422	182	970	1064	60963	0	784	231	242	230	0	1038	1281	9595	130	5411	469	109	172	317	1716	4706	165	345	403	701	144	685	88038	26809	0.175	
Y:\IMPROVED DATABASE\BOSCORF PROJECTS DATA\Soutter_E_(2022)_JC36\ITRAX\JC36\JC36_74_1\JC36_74_1\XRF data\L000174.spe	526.00	8.33	1	0.010270	-0.010164	0.009073	0.081458	78788	1.96	65	1314	0	180	5328	871	4237	93080	1732	263	996	937	44776	165	664	94	330	129	0	1095	1097	9283	126	2454	349	0	200	182	1630	5335	198	472	613	296	178	167	92063	24732	0.178	
Y:\IMPROVED DATABASE\BOSCORF PROJECTS DATA\Soutter_E_(2022)_JC36\ITRAX\JC36\JC36_74_1\JC36_74_1\XRF data\L000175.spe	528.00	8.36	1	0.010270	-0.010164	0.009073	0.081458	79041	1.84	46	1080	0	185	5787	962	4316	96629	1876	122	1102	837	43387	178	703	64	280	115	0	1118	1249	9538	38	1087	419	33	170	352	1895	5217	480	19	445	416	174	67	91276	24588	0.178	
Y:\IMPROVED DATABASE\BOSCORF PROJECTS DATA\Soutter_E_(2022)_JC36\ITRAX\JC36\JC36_74_1\JC36_74_1\XRF data\L000176.spe	530.00	8.33	1	0.010270	-0.010164	0.009073	0.081458	71528	1.84	107	1563	0	115	4473	811	4451	74935	1422	110	1044	986	38142	0	602	11	233	12	0	815	999	8448	0	1247	409	33	94	268	1658	4700	53	255	507	346	162	710	84665	24141	0.176	
Y:\IMPROVED DATABASE\BOSCORF PROJECTS DATA\Soutter_E_(2022)_JC36\ITRAX\JC36\JC36_74_1\JC36_74_1\XRF data\L000177.spe	532.00	8.37	1	0.010270	-0.010164	0.009073	0.081458	77716	1.78	32	1502	0	155	5392	941	4704	82343	1844	223	1009	848	39695	0	835	60	0	258	0	1043	1460	8444	0	1453	390	108	157	270	1952	4977	277	92	71	334	252	476	93723	26159	0.179	
Y:\IMPROVED DATABASE\BOSCORF PROJECTS DATA\Soutter_E_(2022)_JC36\ITRAX\JC36\JC36_74_1\JC36_74_1\XRF data\L000178.spe	534.00	8.37	1	0.010270	-0.010164	0.009073	0.081458	77055	1.78	95	1134	0	208	5588	838	4211	78083	1405	189	869	798	39342	0	875	0	297	274	0	1229	1272	8919	197	1119	381	33	162	274	1823	4913	220	335	445	490	260	331	93417	25555	0.180	
Y:\IMPROVED DATABASE\BOSCORF PROJECTS DATA\Soutter_E_(2022)_JC36\ITRAX\JC36\JC36_74_1\JC36_74_1\XRF data\L000179.spe	536.00	8.38	0	0.010270	-0.010164	0.009073	0.081458	78833	1.90	29	1388	0	181	5647	1258	4636	90974	1223	163	1235	788	45295	0	815	219	140	238	0	991	1226	9624	0	1186	530	131	140	295	2052	4889	239	272	476	400	225	627	94120	26695	0.178	
Y:\IMPROVED DATABASE\BOSCORF PROJECTS DATA\Soutter_E_(2022)_JC36\ITRAX\JC36\JC36_74_1\JC36_74_1\XRF data\L000180.spe	538.00	8.37	0	0.010270	-0.010164	0.009073	0.081458	68778	1.70	45	917	0	185	4874	1222	3430	81568	1819	45	923	622	33018	0	648	23	223	264	0	985	1128	8546	32	1204	357	34	176	257	1623	4226	0	344	298	673	134	886	83069	23862	0.171	
Y:\IMPROVED DATABASE\BOSCORF PROJECTS DATA\Soutter_E_(2022)_JC36\ITRAX\JC36\JC36_74_1\JC36_74_1\XRF data\L000181.spe	540.00	8.37	1	0.010270	-0.010164	0.009073	0.081458	65882	1.55	75	597	0	134	4957	698	2911	70709	900	112	974	553	33866	0	606	0	193	87	0	969	1026	8939	0	1389	316	0	144	190	1468	3854	200	245	241	492	159	710	80005	21355	0.170	
Y:\IMPROVED DATABASE\BOSCORF PROJECTS DATA\Soutter_E_(2022)_JC36\ITRAX\JC36\JC36_74_1\JC36_74_1\XRF data\L000182.spe	542.00	8.40	1	0.010270	-0.010164	0.009073	0.081458	68665	1.57	11	794	0	159	4490	616	2781	71297	1486	153	590	803	35622	404	664	47	356	290	0	1109	1048	9578	38	2291	390	27	113	195	1465	4344	300	283	198	225	158	0	81581	21950	0.173	
Y:\IMPROVED DATABASE\BOSCORF PROJECTS DATA\Soutter_E_(2022)_JC36\ITRAX\JC36\JC36_74_1\JC36_74_1\XRF data\L000183.spe	544.00	8.43	0	0.010270	-0.010164	0.009073	0.081458	81994	1.76	37	1205	0	158	5332	872	4538	107686	1740	158	783	875	44117	0	687	28	192	50	76	1258	1021	11399	127	2294	509	0	137	194	1747	4854	96	217	591	295	145	559	94827	26282	0.181	
Y:\IMPROVED DATABASE\BOSCORF PROJECTS DATA\Soutter_E_(2022)_JC36\ITRAX\JC36\JC36_74_1\JC36_74_1\XRF data\L000184.spe	546.00	8.45	1	0.010270	-0.010164	0.009073	0.081458	77297	1.90	79	2311	0	113	3783	829	4922	139349	1850	242	796	832	46316	128	696	0	312	0	0	1012	1007	11394	0	2367	639	124	80	184	1409	4491	90	269	108	367	260	295	83699	24004	0.171	
Y:\IMPROVED DATABASE\BOSCORF PROJECTS DATA\Soutter_E_(2022)_JC36\ITRAX\JC36\JC36_74_1\JC36_74_1\XRF data\L000185.spe	548.00	8.48	1	0.010270	-0.010164	0.009073	0.081458	122417	1.89	72	635	0	59	2033	718	1775	73392	1349	77	620	553	28990	0	966	36	26	0	0	935	1438	12120	170	3809	338	0	138	168	2722	4231	185	24	0	182	163	922	167512	30106	0.273	