x Distance [mm]	Height [cm]
 -1.840 	 3.625 
 -1.650 	 3.619 
 -1.465 	 3.621 
 -1.275 	 3.652 
 -1.085 	 3.706 
 -0.900 	 3.746 
 -0.710 	 3.770 
 -0.525 	 1.951 
 -0.335 	 1.322 
 -0.145 	 1.589 
 0.040 	 1.794 
 0.230 	 1.890 
 0.415 	 1.872 
 0.605 	 1.871 
 0.795 	 1.851 
 0.980 	 1.855 
 1.170 	 1.818 
 1.355 	 1.748 
 1.545 	 1.752 
 1.735 	 1.767 
 1.920 	 1.776 
 2.110 	 1.807 
 2.295 	 1.830 
 2.485 	 1.841 
 2.675 	 1.835 
 2.860 	 1.835 
 3.050 	 1.841 
 3.235 	 1.847 
 3.425 	 1.842 
 3.615 	 1.757 
 3.800 	 1.657 
 3.990 	 1.599 
 4.175 	 1.421 
 4.365 	 1.323 
 4.555 	 1.313 
 4.740 	 1.361 
 4.930 	 1.401 
 5.115 	 1.452 
 5.305 	 1.471 
 5.495 	 1.543 
 5.680 	 1.619 
 5.870 	 1.876 
 6.055 	 2.098 
 6.245 	 2.191 
 6.435 	 2.043 
 6.620 	 1.593 
 6.810 	 1.366 
 6.995 	 1.330 
 7.185 	 1.252 
 7.375 	 1.744 
 7.560 	 1.910 
 7.750 	 2.084 
 7.935 	 2.272 
 8.125 	 2.584 
 8.315 	 2.656 
 8.500 	 2.791 
 8.690 	 2.890 
 8.875 	 4.522 
 9.065 	 5.880 
 9.255 	 5.907 
 9.440 	 5.938 
 9.630 	 5.998 
 9.815 	 6.044 
 10.005 	 6.068 
 10.195 	 6.079 
 10.380 	 7.536 
 10.570 	 9.137 
 10.755 	 9.618 
 10.945 	 9.619 
 11.135 	 9.622 
 11.320 	 9.619 
 11.510 	 9.624 
 11.695 	 9.619 
 11.885 	 9.614 
 12.075 	 9.618 
 12.260 	 9.615 
 12.450 	 9.617 
 12.635 	 9.619 
 12.825 	 9.619 
 13.015 	 9.619 
 13.200 	 9.619 
 13.390 	 9.615 
 13.575 	 9.614 
 13.765 	 9.624 
 13.955 	 9.620 
 14.140 	 9.615 
 14.330 	 9.619 
 14.515 	 5.256 
 14.705 	 5.220 
 14.895 	 5.254 
 15.080 	 5.263 
 15.270 	 9.619 
 15.455 	 9.619 
 15.645 	 9.619 
 15.835 	 9.615 
 16.020 	 9.615 
 16.210 	 9.619 
 16.395 	 9.619 
 16.585 	 9.614 
 16.775 	 9.614 
 16.960 	 9.619 
 17.150 	 9.619 
 17.335 	 9.623 
 17.525 	 9.618 
 17.715 	 9.618 
 17.900 	 9.616 
 18.090 	 9.614 
 18.275 	 9.618 
 18.465 	 9.614 
 18.655 	 9.614 
 18.840 	 9.619 
 19.030 	 9.615 
 19.215 	 9.614 
 19.405 	 9.614 
 19.595 	 9.614 
 19.780 	 9.614 
 19.970 	 9.618 
 20.155 	 9.623 
 20.345 	 9.616 
 20.535 	 9.619 
 20.720 	 3.709 
 20.910 	 4.097 
 21.095 	 4.366 
 21.285 	 4.654 
 21.475 	 4.914 
 21.660 	 6.055 
 21.850 	 6.601 
 22.035 	 6.847 
 22.225 	 6.883 
 22.415 	 6.994 
 22.600 	 7.074 
 22.790 	 7.338 
 22.975 	 7.542 
 23.165 	 7.657 
 23.355 	 7.704 
 23.540 	 7.740 
 23.730 	 7.756 
 23.915 	 7.784 
 24.105 	 7.800 
 24.295 	 7.819 
 24.480 	 7.828 
 24.670 	 7.835 
 24.855 	 7.852 
 25.045 	 7.864 
 25.235 	 7.898 
 25.420 	 7.921 
 25.610 	 6.005 
 25.795 	 5.059 
 25.985 	 4.888 
 26.175 	 4.892 
 26.360 	 4.917 
 26.550 	 4.922 
 26.735 	 4.937 
 26.925 	 4.938 
 27.115 	 4.953 
 27.300 	 4.966 
 27.490 	 4.991 
 27.675 	 5.019 
 27.865 	 5.057 
 28.055 	 5.101 
 28.240 	 5.140 
 28.430 	 5.203 
 28.615 	 5.238 
 28.805 	 5.320 
 28.995 	 5.414 
 29.180 	 5.484 
 29.370 	 5.583 
 29.555 	 5.749 
 29.745 	 5.863 
 29.935 	 5.935 
 30.120 	 6.065 
 30.310 	 6.122 
 30.495 	 6.152 
 30.685 	 6.266 
 30.875 	 6.321 
 31.060 	 6.444 
 31.250 	 6.450 
 31.435 	 6.503 
 31.625 	 6.594 
 31.815 	 6.635 
 32.000 	 6.661 
 32.190 	 6.718 
 32.375 	 6.829 
 32.565 	 6.827 
 32.755 	 6.947 
 32.940 	 6.915 
 33.130 	 7.066 
 33.315 	 7.271 
 33.505 	 9.496 
 33.695 	 9.614 
 33.880 	 9.614 
 34.070 	 9.618 
 34.255 	 9.624 
 34.445 	 9.620 
 34.635 	 9.623 
 34.820 	 9.615 
 35.010 	 9.614 
 35.195 	 9.614 
 35.385 	 9.624 
 35.575 	 9.620 
 35.760 	 9.560 
 35.950 	 7.697 
 36.135 	 7.163 
 36.325 	 7.199 
 36.515 	 7.250 
 36.700 	 7.287 
 36.890 	 7.307 
 37.075 	 7.340 
 37.265 	 7.349 
 37.455 	 7.362 
 37.640 	 7.382 
 37.830 	 7.392 
 38.015 	 7.399 
 38.205 	 7.409 
 38.395 	 7.417 
 38.580 	 7.418 
 38.770 	 7.422 
 38.955 	 7.426 
 39.145 	 7.432 
 39.335 	 7.436 
 39.520 	 7.432 
 39.710 	 7.437 
 39.895 	 7.441 
 40.085 	 7.441 
 40.275 	 7.441 
 40.460 	 7.452 
 40.650 	 7.455 
 40.835 	 7.466 
 41.025 	 7.478 
 41.215 	 7.494 
 41.400 	 7.516 
 41.590 	 7.538 
 41.775 	 7.566 
 41.965 	 7.583 
 42.155 	 7.600 
 42.340 	 7.621 
 42.530 	 7.634 
 42.715 	 7.646 
 42.905 	 7.677 
 43.095 	 7.685 
 43.280 	 7.706 
 43.470 	 7.715 
 43.655 	 7.726 
 43.845 	 7.734 
 44.035 	 7.745 
 44.220 	 7.749 
 44.410 	 7.761 
 44.595 	 7.773 
 44.785 	 7.776 
 44.975 	 7.788 
 45.160 	 7.804 
 45.350 	 7.812 
 45.535 	 7.822 
 45.725 	 7.818 
 45.915 	 7.826 
 46.100 	 7.823 
 46.290 	 7.818 
 46.475 	 7.822 
 46.665 	 7.823 
 46.855 	 7.827 
 47.040 	 7.832 
 47.230 	 7.827 
 47.415 	 7.822 
 47.605 	 7.827 
 47.795 	 7.827 
 47.980 	 7.827 
 48.170 	 7.822 
 48.355 	 7.827 
 48.545 	 7.827 
 48.735 	 7.831 
 48.920 	 7.827 
 49.110 	 7.827 
 49.295 	 7.827 
 49.485 	 7.831 
 49.675 	 7.828 
 49.860 	 7.832 
 50.050 	 7.831 
 50.235 	 7.822 
 50.425 	 7.831 
 50.615 	 7.827 
 50.800 	 7.832 
 50.990 	 7.832 
 51.175 	 7.832 
 51.365 	 7.832 
 51.555 	 7.827 
 51.740 	 7.827 
 51.930 	 7.827 
 52.115 	 7.828 
 52.305 	 7.837 
 52.495 	 7.827 
 52.680 	 7.827 
 52.870 	 7.827 
 53.055 	 7.822 
 53.245 	 7.822 
 53.435 	 7.822 
 53.620 	 7.807 
 53.810 	 7.803 
 53.995 	 7.807 
 54.185 	 7.802 
 54.375 	 7.797 
 54.560 	 7.793 
 54.750 	 7.787 
 54.935 	 7.783 
 55.125 	 7.789 
 55.315 	 7.798 
 55.500 	 7.792 
 55.690 	 7.788 
 55.875 	 7.792 
 56.065 	 7.783 
 56.255 	 7.778 
 56.440 	 7.773 
 56.630 	 7.768 
 56.815 	 7.763 
 57.005 	 7.756 
 57.195 	 7.744 
 57.380 	 7.743 
 57.570 	 7.739 
 57.755 	 7.743 
 57.945 	 7.739 
 58.135 	 7.743 
 58.320 	 7.739 
 58.510 	 7.739 
 58.695 	 7.739 
 58.885 	 7.739 
 59.075 	 7.731 
 59.260 	 7.734 
 59.450 	 7.725 
 59.635 	 7.725 
 59.825 	 7.725 
 60.015 	 7.726 
 60.200 	 7.734 
 60.390 	 7.729 
 60.575 	 7.725 
 60.765 	 7.729 
 60.955 	 7.725 
 61.140 	 7.729 
 61.330 	 7.725 
 61.515 	 7.725 
 61.705 	 7.725 
 61.895 	 7.725 
 62.080 	 7.725 
 62.270 	 7.726 
 62.455 	 7.726 
 62.645 	 7.726 
 62.835 	 7.727 
 63.020 	 7.727 
 63.210 	 7.727 
 63.395 	 7.727 
 63.585 	 7.728 
 63.775 	 7.728 
 63.960 	 7.728 
 64.150 	 7.729 
 64.335 	 7.729 
 64.525 	 7.729 
 64.715 	 7.729 
 64.900 	 7.730 
 65.090 	 7.730 
 65.275 	 7.730 
 65.465 	 7.731 
 65.655 	 7.731 
 65.840 	 7.731 
 66.030 	 7.731 
 66.215 	 7.732 
 66.405 	 7.732 
 66.595 	 7.732 
 66.780 	 7.733 
 66.970 	 7.733 
 67.155 	 7.733 
 67.345 	 7.733 
 67.535 	 7.734 
 67.720 	 7.734 
 67.910 	 7.734 
 68.095 	 7.723 
 68.285 	 7.724 
 68.475 	 7.734 
 68.660 	 7.737 
 68.850 	 7.744 
 69.035 	 7.743 
 69.225 	 7.740 
 69.415 	 7.742 
 69.600 	 7.734 
 69.790 	 7.744 
 69.975 	 7.744 
 70.165 	 7.749 
 70.355 	 7.749 
 70.540 	 7.754 
 70.730 	 7.754 
 70.915 	 7.754 
 71.105 	 7.754 
 71.295 	 7.752 
 71.480 	 7.744 
 71.670 	 7.746 
 71.855 	 7.753 
 72.045 	 7.745 
 72.235 	 7.749 
 72.420 	 7.749 
 72.610 	 7.749 
 72.795 	 7.744 
 72.985 	 7.744 
 73.175 	 7.739 
 73.360 	 7.739 
 73.550 	 7.739 
 73.735 	 7.740 
 73.925 	 7.745 
 74.115 	 7.748 
 74.300 	 7.743 
 74.490 	 7.739 
 74.675 	 7.740 
 74.865 	 7.745 
 75.055 	 7.748 
 75.240 	 7.745 
 75.430 	 7.748 
 75.615 	 7.744 
 75.805 	 7.744 
 75.995 	 7.744 
 76.180 	 7.744 
 76.370 	 7.744 
 76.555 	 7.745 
 76.745 	 7.749 
 76.935 	 7.745 
 77.120 	 7.749 
 77.310 	 7.744 
 77.495 	 7.743 
 77.685 	 7.737 
 77.875 	 7.728 
 78.060 	 7.723 
 78.250 	 7.719 
 78.435 	 7.715 
 78.625 	 7.714 
 78.815 	 7.709 
 79.000 	 7.706 
 79.190 	 7.711 
 79.375 	 7.715 
 79.565 	 7.716 
 79.755 	 7.723 
 79.940 	 7.721 
 80.130 	 7.722 
 80.315 	 7.715 
 80.505 	 7.715 
 80.695 	 7.715 
 80.880 	 7.714 
 81.070 	 7.711 
 81.255 	 7.716 
 81.445 	 7.721 
 81.635 	 7.728 
 81.820 	 7.726 
 82.010 	 7.734 
 82.195 	 7.734 
 82.385 	 7.736 
 82.575 	 7.740 
 82.760 	 7.744 
 82.950 	 7.745 
 83.135 	 7.751 
 83.325 	 7.759 
 83.515 	 7.759 
 83.700 	 7.762 
 83.890 	 7.767 
 84.075 	 7.765 
 84.265 	 7.766 
 84.455 	 7.763 
 84.640 	 7.773 
 84.830 	 7.774 
 85.015 	 7.782 
 85.205 	 7.780 
 85.395 	 7.785 
 85.580 	 7.793 
 85.770 	 7.794 
 85.955 	 7.803 
 86.145 	 7.802 
 86.335 	 7.799 
 86.520 	 7.801 
 86.710 	 7.793 
 86.895 	 7.793 
 87.085 	 7.794 
 87.275 	 7.808 
 87.460 	 7.808 
 87.650 	 7.805 
 87.835 	 7.797 
 88.025 	 7.792 
 88.215 	 7.790 
 88.400 	 7.797 
 88.590 	 7.796 
 88.775 	 7.803 
 88.965 	 7.804 
 89.155 	 7.808 
 89.340 	 7.808 
 89.530 	 7.808 
 89.715 	 7.806 
 89.905 	 7.801 
 90.095 	 7.797 
 90.280 	 7.792 
 90.470 	 7.786 
 90.655 	 7.770 
 90.845 	 7.771 
 91.035 	 7.761 
 91.220 	 7.753 
 91.410 	 7.751 
 91.595 	 7.755 
 91.785 	 7.759 
 91.975 	 7.759 
 92.160 	 7.760 
 92.350 	 7.762 
 92.535 	 7.754 
 92.725 	 7.754 
 92.915 	 7.756 
 93.100 	 7.765 
 93.290 	 7.771 
 93.475 	 7.780 
 93.665 	 7.783 
 93.855 	 7.785 
 94.040 	 7.786 
 94.230 	 7.778 
 94.415 	 7.780 
 94.605 	 7.783 
 94.795 	 7.783 
 94.980 	 7.785 
 95.170 	 7.792 
 95.355 	 7.788 
 95.545 	 7.790 
 95.735 	 7.790 
 95.920 	 7.774 
 96.110 	 7.778 
 96.295 	 7.778 
 96.485 	 7.778 
 96.675 	 7.778 
 96.860 	 7.776 
 97.050 	 7.769 
 97.235 	 7.767 
 97.425 	 7.764 
 97.615 	 7.768 
 97.800 	 7.765 
 97.990 	 7.756 
 98.175 	 7.746 
 98.365 	 7.731 
 98.555 	 7.729 
 98.740 	 7.725 
 98.930 	 7.730 
 99.115 	 7.734 
 99.305 	 7.732 
 99.495 	 7.738 
 99.680 	 7.730 
 99.870 	 7.734 
 100.055 	 7.726 
 100.245 	 7.734 
 100.435 	 7.728 
 100.620 	 7.725 
 100.810 	 7.724 
 100.995 	 7.721 
 101.185 	 7.728 
 101.375 	 7.734 
 101.560 	 7.734 
 101.750 	 7.729 
 101.935 	 7.729 
 102.125 	 7.729 
 102.315 	 7.729 
 102.500 	 7.725 
 102.690 	 7.725 
 102.875 	 7.729 
 103.065 	 7.730 
 103.255 	 7.735 
 103.440 	 7.738 
 103.630 	 7.735 
 103.815 	 7.743 
 104.005 	 7.739 
 104.195 	 7.741 
 104.380 	 7.744 
 104.570 	 7.744 
 104.755 	 7.743 
 104.945 	 7.754 
 105.135 	 7.755 
 105.320 	 7.759 
 105.510 	 7.762 
 105.695 	 7.759 
 105.885 	 7.763 
 106.075 	 7.767 
 106.260 	 7.764 
 106.450 	 7.768 
 106.635 	 7.765 
 106.825 	 7.764 
 107.015 	 7.759 
 107.200 	 7.746 
 107.390 	 7.743 
 107.575 	 7.730 
 107.765 	 7.729 
 107.955 	 7.729 
 108.140 	 7.720 
 108.330 	 7.720 
 108.515 	 7.720 
 108.705 	 7.720 
 108.895 	 7.724 
 109.080 	 7.725 
 109.270 	 7.731 
 109.455 	 7.733 
 109.645 	 7.730 
 109.835 	 7.746 
 110.020 	 7.744 
 110.210 	 7.744 
 110.395 	 7.749 
 110.585 	 7.749 
 110.775 	 7.754 
 110.960 	 7.754 
 111.150 	 7.761 
 111.335 	 7.754 
 111.525 	 7.765 
 111.715 	 7.769 
 111.900 	 7.769 
 112.090 	 7.773 
 112.275 	 7.769 
 112.465 	 7.770 
 112.655 	 7.773 
 112.840 	 7.770 
 113.030 	 7.773 
 113.215 	 7.765 
 113.405 	 7.774 
 113.595 	 7.778 
 113.780 	 7.783 
 113.970 	 7.779 
 114.155 	 7.778 
 114.345 	 7.778 
 114.535 	 7.778 
 114.720 	 7.783 
 114.910 	 7.783 
 115.095 	 7.783 
 115.285 	 7.783 
 115.475 	 7.783 
 115.660 	 7.783 
 115.850 	 7.778 
 116.035 	 7.774 
 116.225 	 7.778 
 116.415 	 7.778 
 116.600 	 7.776 
 116.790 	 7.769 
 116.975 	 7.773 
 117.165 	 7.768 
 117.355 	 7.764 
 117.540 	 7.759 
 117.730 	 7.759 
 117.915 	 7.758 
 118.105 	 7.754 
 118.295 	 7.759 
 118.480 	 7.754 
 118.670 	 7.758 
 118.855 	 7.759 
 119.045 	 7.759 
 119.235 	 7.759 
 119.420 	 7.755 
 119.610 	 7.754 
 119.795 	 7.754 
 119.985 	 7.754 
 120.175 	 7.749 
 120.360 	 7.749 
 120.550 	 7.749 
 120.735 	 7.749 
 120.925 	 7.754 
 121.115 	 7.754 
 121.300 	 7.759 
 121.490 	 7.763 
 121.675 	 7.760 
 121.865 	 7.764 
 122.055 	 7.764 
 122.240 	 7.759 
 122.430 	 7.759 
 122.615 	 7.759 
 122.805 	 7.759 
 122.995 	 7.759 
 123.180 	 7.759 
 123.370 	 7.759 
 123.555 	 7.757 
 123.745 	 7.753 
 123.935 	 7.749 
 124.120 	 7.749 
 124.310 	 7.749 
 124.495 	 7.746 
 124.685 	 7.737 
 124.875 	 7.733 
 125.060 	 7.727 
 125.250 	 7.721 
 125.435 	 7.724 
 125.625 	 7.714 
 125.815 	 7.708 
 126.000 	 7.702 
 126.190 	 7.703 
 126.375 	 7.692 
 126.565 	 7.686 
 126.755 	 7.686 
 126.940 	 7.686 
 127.130 	 7.687 
 127.315 	 7.689 
 127.505 	 7.682 
 127.695 	 7.672 
 127.880 	 7.662 
 128.070 	 7.656 
 128.255 	 7.655 
 128.445 	 7.645 
 128.635 	 7.641 
 128.820 	 7.637 
 129.010 	 7.634 
 129.195 	 7.627 
 129.385 	 7.627 
 129.575 	 7.626 
 129.760 	 7.622 
 129.950 	 7.621 
 130.135 	 7.617 
 130.325 	 7.617 
 130.515 	 7.604 
 130.700 	 7.598 
 130.890 	 7.601 
 131.075 	 7.606 
 131.265 	 7.603 
 131.455 	 7.604 
 131.640 	 7.605 
 131.830 	 7.596 
 132.015 	 7.594 
 132.205 	 7.596 
 132.395 	 7.593 
 132.580 	 7.591 
 132.770 	 7.591 
 132.955 	 7.594 
 133.145 	 7.586 
 133.335 	 7.585 
 133.520 	 7.585 
 133.710 	 7.576 
 133.895 	 7.573 
 134.085 	 7.571 
 134.275 	 7.568 
 134.460 	 7.565 
 134.650 	 7.557 
 134.835 	 7.550 
 135.025 	 7.544 
 135.215 	 7.542 
 135.400 	 7.538 
 135.590 	 7.532 
 135.775 	 7.528 
 135.965 	 7.523 
 136.155 	 7.522 
 136.340 	 7.528 
 136.530 	 7.526 
 136.715 	 7.526 
 136.905 	 7.521 
 137.095 	 7.524 
 137.280 	 7.524 
 137.470 	 7.521 
 137.655 	 7.517 
 137.845 	 7.526 
 138.035 	 7.530 
 138.220 	 7.534 
 138.410 	 7.536 
 138.595 	 7.539 
 138.785 	 7.537 
 138.975 	 7.536 
 139.160 	 7.539 
 139.350 	 7.539 
 139.535 	 7.539 
 139.725 	 7.539 
 139.915 	 7.543 
 140.100 	 7.549 
 140.290 	 7.547 
 140.475 	 7.542 
 140.665 	 7.539 
 140.855 	 7.541 
 141.040 	 7.544 
 141.230 	 7.544 
 141.415 	 7.542 
 141.605 	 7.535 
 141.795 	 7.527 
 141.980 	 7.524 
 142.170 	 7.528 
 142.355 	 7.532 
 142.545 	 7.531 
 142.735 	 7.534 
 142.920 	 7.530 
 143.110 	 7.522 
 143.295 	 7.522 
 143.485 	 7.524 
 143.675 	 7.524 
 143.860 	 7.524 
 144.050 	 7.524 
 144.235 	 7.520 
 144.425 	 7.517 
 144.615 	 7.522 
 144.800 	 7.520 
 144.990 	 7.515 
 145.175 	 7.515 
 145.365 	 7.517 
 145.555 	 7.520 
 145.740 	 7.517 
 145.930 	 7.517 
 146.115 	 7.516 
 146.305 	 7.514 
 146.495 	 7.518 
 146.680 	 7.512 
 146.870 	 7.512 
 147.055 	 7.517 
 147.245 	 7.518 
 147.435 	 7.513 
 147.620 	 7.506 
 147.810 	 7.500 
 147.995 	 7.502 
 148.185 	 7.503 
 148.375 	 7.502 
 148.560 	 7.507 
 148.750 	 7.510 
 148.935 	 7.510 
 149.125 	 7.506 
 149.315 	 7.497 
 149.500 	 7.490 
 149.690 	 7.490 
 149.875 	 7.493 
 150.065 	 7.490 
 150.255 	 7.486 
 150.440 	 7.483 
 150.630 	 7.483 
 150.815 	 7.480 
 151.005 	 7.478 
 151.195 	 7.473 
 151.380 	 7.471 
 151.570 	 7.473 
 151.755 	 7.478 
 151.945 	 7.478 
 152.135 	 7.476 
 152.320 	 7.473 
 152.510 	 7.466 
 152.695 	 7.461 
 152.885 	 7.459 
 153.075 	 7.456 
 153.260 	 7.456 
 153.450 	 7.456 
 153.635 	 7.456 
 153.825 	 7.454 
 154.015 	 7.444 
 154.200 	 7.434 
 154.390 	 7.434 
 154.575 	 7.435 
 154.765 	 7.432 
 154.955 	 7.429 
 155.140 	 7.427 
 155.330 	 7.424 
 155.515 	 7.419 
 155.705 	 7.417 
 155.895 	 7.412 
 156.080 	 7.412 
 156.270 	 7.412 
 156.455 	 7.407 
 156.645 	 7.401 
 156.835 	 7.393 
 157.020 	 7.390 
 157.210 	 7.390 
 157.395 	 7.395 
 157.585 	 7.397 
 157.775 	 7.395 
 157.960 	 7.393 
 158.150 	 7.394 
 158.335 	 7.393 
 158.525 	 7.390 
 158.715 	 7.391 
 158.900 	 7.388 
 159.090 	 7.386 
 159.275 	 7.383 
 159.465 	 7.381 
 159.655 	 7.373 
 159.840 	 7.371 
 160.030 	 7.368 
 160.215 	 7.361 
 160.405 	 7.356 
 160.595 	 7.351 
 160.780 	 7.351 
 160.970 	 7.354 
 161.155 	 7.353 
 161.345 	 7.347 
 161.535 	 7.335 
 161.720 	 7.327 
 161.910 	 7.322 
 162.095 	 7.319 
 162.285 	 7.318 
 162.475 	 7.310 
 162.660 	 7.305 
 162.850 	 7.307 
 163.035 	 7.310 
 163.225 	 7.308 
 163.415 	 7.306 
 163.600 	 7.308 
 163.790 	 7.294 
 163.975 	 7.290 
 164.165 	 7.288 
 164.355 	 7.290 
 164.540 	 7.300 
 164.730 	 7.306 
 164.915 	 7.310 
 165.105 	 7.317 
 165.295 	 7.309 
 165.480 	 7.298 
 165.670 	 7.293 
 165.855 	 7.288 
 166.045 	 7.285 
 166.235 	 7.286 
 166.420 	 7.295 
 166.610 	 7.294 
 166.795 	 7.289 
 166.985 	 7.285 
 167.175 	 7.288 
 167.360 	 7.281 
 167.550 	 7.282 
 167.735 	 7.275 
 167.925 	 7.275 
 168.115 	 7.275 
 168.300 	 7.274 
 168.490 	 7.269 
 168.675 	 7.266 
 168.865 	 7.268 
 169.055 	 7.271 
 169.240 	 7.271 
 169.430 	 7.273 
 169.615 	 7.275 
 169.805 	 7.278 
 169.995 	 7.282 
 170.180 	 7.285 
 170.370 	 7.291 
 170.555 	 7.296 
 170.745 	 7.294 
 170.935 	 7.300 
 171.120 	 7.300 
 171.310 	 7.301 
 171.495 	 7.305 
 171.685 	 7.311 
 171.875 	 7.325 
 172.060 	 7.332 
 172.250 	 7.334 
 172.435 	 7.334 
 172.625 	 7.336 
 172.815 	 7.339 
 173.000 	 7.341 
 173.190 	 7.346 
 173.375 	 7.349 
 173.565 	 7.349 
 173.755 	 7.354 
 173.940 	 7.365 
 174.130 	 7.372 
 174.315 	 7.380 
 174.505 	 7.387 
 174.695 	 7.387 
 174.880 	 7.386 
 175.070 	 7.385 
 175.255 	 7.385 
 175.445 	 7.388 
 175.635 	 7.390 
 175.820 	 7.395 
 176.010 	 7.400 
 176.195 	 7.402 
 176.385 	 7.405 
 176.575 	 7.407 
 176.760 	 7.407 
 176.950 	 7.410 
 177.135 	 7.412 
 177.325 	 7.415 
 177.515 	 7.420 
 177.700 	 7.425 
 177.890 	 7.424 
 178.075 	 7.425 
 178.265 	 7.429 
 178.455 	 7.435 
 178.640 	 7.433 
 178.830 	 7.432 
 179.015 	 7.437 
 179.205 	 7.441 
 179.395 	 7.444 
 179.580 	 7.449 
 179.770 	 7.458 
 179.955 	 7.464 
 180.145 	 7.464 
 180.335 	 7.466 
 180.520 	 7.471 
 180.710 	 7.473 
 180.895 	 7.478 
 181.085 	 7.486 
 181.275 	 7.493 
 181.460 	 7.495 
 181.650 	 7.498 
 181.835 	 7.497 
 182.025 	 7.499 
 182.215 	 7.505 
 182.400 	 7.508 
 182.590 	 7.510 
 182.775 	 7.512 
 182.965 	 7.513 
 183.155 	 7.514 
 183.340 	 7.520 
 183.530 	 7.523 
 183.715 	 7.524 
 183.905 	 7.527 
 184.095 	 7.532 
 184.280 	 7.536 
 184.470 	 7.535 
 184.655 	 7.532 
 184.845 	 7.537 
 185.035 	 7.539 
 185.220 	 7.542 
 185.410 	 7.547 
 185.595 	 7.549 
 185.785 	 7.552 
 185.975 	 7.557 
 186.160 	 7.562 
 186.350 	 7.560 
 186.535 	 7.564 
 186.725 	 7.565 
 186.915 	 7.558 
 187.100 	 7.558 
 187.290 	 7.566 
 187.475 	 7.571 
 187.665 	 7.573 
 187.855 	 7.579 
 188.040 	 7.580 
 188.230 	 7.578 
 188.415 	 7.578 
 188.605 	 7.578 
 188.795 	 7.579 
 188.980 	 7.581 
 189.170 	 7.582 
 189.355 	 7.586 
 189.545 	 7.596 
 189.735 	 7.598 
 189.920 	 7.596 
 190.110 	 7.593 
 190.295 	 7.596 
 190.485 	 7.593 
 190.675 	 7.598 
 190.860 	 7.604 
 191.050 	 7.607 
 191.235 	 7.610 
 191.425 	 7.612 
 191.615 	 7.617 
 191.800 	 7.620 
 191.990 	 7.617 
 192.175 	 7.617 
 192.365 	 7.620 
 192.555 	 7.627 
 192.740 	 7.627 
 192.930 	 7.627 
 193.115 	 7.629 
 193.305 	 7.633 
 193.495 	 7.638 
 193.680 	 7.641 
 193.870 	 7.637 
 194.055 	 7.639 
 194.245 	 7.644 
 194.435 	 7.646 
 194.620 	 7.649 
 194.810 	 7.651 
 194.995 	 7.653 
 195.185 	 7.661 
 195.375 	 7.661 
 195.560 	 7.657 
 195.750 	 7.654 
 195.935 	 7.661 
 196.125 	 7.661 
 196.315 	 7.661 
 196.500 	 7.663 
 196.690 	 7.667 
 196.875 	 7.671 
 197.065 	 7.671 
 197.255 	 7.671 
 197.440 	 7.673 
 197.630 	 7.676 
 197.815 	 7.674 
 198.005 	 7.672 
 198.195 	 7.677 
 198.380 	 7.680 
 198.570 	 7.676 
 198.755 	 7.676 
 198.945 	 7.678 
 199.135 	 7.678 
 199.320 	 7.671 
 199.510 	 7.669 
 199.695 	 7.668 
 199.885 	 7.676 
 200.075 	 7.677 
 200.260 	 7.681 
 200.450 	 7.682 
 200.635 	 7.684 
 200.825 	 7.672 
 201.015 	 7.668 
 201.200 	 7.673 
 201.390 	 7.676 
 201.575 	 7.678 
 201.765 	 7.678 
 201.955 	 7.673 
 202.140 	 7.673 
 202.330 	 7.671 
 202.515 	 7.668 
 202.705 	 7.669 
 202.895 	 7.668 
 203.080 	 7.666 
 203.270 	 7.668 
 203.455 	 7.669 
 203.645 	 7.666 
 203.835 	 7.666 
 204.020 	 7.666 
 204.210 	 7.666 
 204.395 	 7.668 
 204.585 	 7.669 
 204.775 	 7.666 
 204.960 	 7.663 
 205.150 	 7.666 
 205.335 	 7.671 
 205.525 	 7.668 
 205.715 	 7.669 
 205.900 	 7.668 
 206.090 	 7.669 
 206.275 	 7.661 
 206.465 	 7.656 
 206.655 	 7.653 
 206.840 	 7.651 
 207.030 	 7.655 
 207.215 	 7.660 
 207.405 	 7.664 
 207.595 	 7.659 
 207.780 	 7.659 
 207.970 	 7.654 
 208.155 	 7.655 
 208.345 	 7.653 
 208.535 	 7.645 
 208.720 	 7.649 
 208.910 	 7.648 
 209.095 	 7.654 
 209.285 	 7.656 
 209.475 	 7.656 
 209.660 	 7.653 
 209.850 	 7.648 
 210.035 	 7.641 
 210.225 	 7.637 
 210.415 	 7.633 
 210.600 	 7.625 
 210.790 	 7.619 
 210.975 	 7.606 
 211.165 	 7.586 
 211.355 	 7.553 
 211.540 	 7.525 
 211.730 	 7.511 
 211.915 	 7.503 
 212.105 	 7.496 
 212.295 	 7.489 
 212.480 	 7.482 
 212.670 	 7.480 
 212.855 	 7.480 
 213.045 	 7.480 
 213.235 	 7.477 
 213.420 	 7.476 
 213.610 	 7.472 
 213.795 	 7.467 
 213.985 	 7.462 
 214.175 	 7.464 
 214.360 	 7.459 
 214.550 	 7.466 
 214.735 	 7.467 
 214.925 	 7.466 
 215.115 	 7.466 
 215.300 	 7.466 
 215.490 	 7.466 
 215.675 	 7.462 
 215.865 	 7.461 
 216.055 	 7.464 
 216.240 	 7.466 
 216.430 	 7.469 
 216.615 	 7.463 
 216.805 	 7.461 
 216.995 	 7.455 
 217.180 	 7.448 
 217.370 	 7.446 
 217.555 	 7.446 
 217.745 	 7.450 
 217.935 	 7.458 
 218.120 	 7.465 
 218.310 	 7.466 
 218.495 	 7.466 
 218.685 	 7.469 
 218.875 	 7.471 
 219.060 	 7.464 
 219.250 	 7.469 
 219.435 	 7.471 
 219.625 	 7.463 
 219.815 	 7.458 
 220.000 	 7.462 
 220.190 	 7.463 
 220.375 	 7.465 
 220.565 	 7.462 
 220.755 	 7.461 
 220.940 	 7.468 
 221.130 	 7.468 
 221.315 	 7.466 
 221.505 	 7.450 
 221.695 	 7.453 
 221.880 	 7.449 
 222.070 	 7.450 
 222.255 	 7.451 
 222.445 	 7.451 
 222.635 	 7.447 
 222.820 	 7.443 
 223.010 	 7.438 
 223.195 	 7.433 
 223.385 	 7.438 
 223.575 	 7.445 
 223.760 	 7.446 
 223.950 	 7.446 
 224.135 	 7.446 
 224.325 	 7.446 
 224.515 	 7.446 
 224.700 	 7.446 
 224.890 	 7.450 
 225.075 	 7.455 
 225.265 	 7.456 
 225.455 	 7.456 
 225.640 	 7.460 
 225.830 	 7.458 
 226.015 	 7.460 
 226.205 	 7.464 
 226.395 	 7.470 
 226.580 	 7.471 
 226.770 	 7.475 
 226.955 	 7.476 
 227.145 	 7.479 
 227.335 	 7.477 
 227.520 	 7.476 
 227.710 	 7.472 
 227.895 	 7.475 
 228.085 	 7.479 
 228.275 	 7.473 
 228.460 	 7.474 
 228.650 	 7.476 
 228.835 	 7.472 
 229.025 	 7.475 
 229.215 	 7.472 
 229.400 	 7.478 
 229.590 	 7.476 
 229.775 	 7.479 
 229.965 	 7.476 
 230.155 	 7.476 
 230.340 	 7.476 
 230.530 	 7.472 
 230.715 	 7.478 
 230.905 	 7.480 
 231.095 	 7.485 
 231.280 	 7.478 
 231.470 	 7.476 
 231.655 	 7.472 
 231.845 	 7.471 
 232.035 	 7.471 
 232.220 	 7.471 
 232.410 	 7.474 
 232.595 	 7.476 
 232.785 	 7.480 
 232.975 	 7.476 
 233.160 	 7.471 
 233.350 	 7.471 
 233.535 	 7.471 
 233.725 	 7.471 
 233.915 	 7.471 
 234.100 	 7.474 
 234.290 	 7.476 
 234.475 	 7.472 
 234.665 	 7.471 
 234.855 	 7.467 
 235.040 	 7.466 
 235.230 	 7.470 
 235.415 	 7.471 
 235.605 	 7.475 
 235.795 	 7.468 
 235.980 	 7.466 
 236.170 	 7.473 
 236.355 	 7.476 
 236.545 	 7.476 
 236.735 	 7.472 
 236.920 	 7.466 
 237.110 	 7.470 
 237.295 	 7.471 
 237.485 	 7.471 
 237.675 	 7.466 
 237.860 	 7.466 
 238.050 	 7.466 
 238.235 	 7.466 
 238.425 	 7.466 
 238.615 	 7.466 
 238.800 	 7.468 
 238.990 	 7.465 
 239.175 	 7.468 
 239.365 	 7.471 
 239.555 	 7.471 
 239.740 	 7.471 
 239.930 	 7.469 
 240.115 	 7.466 
 240.305 	 7.463 
 240.495 	 7.461 
 240.680 	 7.461 
 240.870 	 7.461 
 241.055 	 7.464 
 241.245 	 7.468 
 241.435 	 7.469 
 241.620 	 7.466 
 241.810 	 7.464 
 241.995 	 7.463 
 242.185 	 7.466 
 242.375 	 7.466 
 242.560 	 7.462 
 242.750 	 7.461 
 242.935 	 7.463 
 243.125 	 7.466 
 243.315 	 7.462 
 243.500 	 7.461 
 243.690 	 7.461 
 243.875 	 7.461 
 244.065 	 7.461 
 244.255 	 7.461 
 244.440 	 7.464 
 244.630 	 7.460 
 244.815 	 7.456 
 245.005 	 7.459 
 245.195 	 7.469 
 245.380 	 7.467 
 245.570 	 7.466 
 245.755 	 7.462 
 245.945 	 7.461 
 246.135 	 7.457 
 246.320 	 7.460 
 246.510 	 7.465 
 246.695 	 7.462 
 246.885 	 7.470 
 247.075 	 7.467 
 247.260 	 7.458 
 247.450 	 7.456 
 247.635 	 7.456 
 247.825 	 7.456 
 248.015 	 7.452 
 248.200 	 7.455 
 248.390 	 7.456 
 248.575 	 7.452 
 248.765 	 7.442 
 248.955 	 7.449 
 249.140 	 7.447 
 249.330 	 7.450 
 249.515 	 7.456 
 249.705 	 7.456 
 249.895 	 7.443 
 250.080 	 7.445 
 250.270 	 7.446 
 250.455 	 7.446 
 250.645 	 7.443 
 250.835 	 7.449 
 251.020 	 7.451 
 251.210 	 7.447 
 251.395 	 7.451 
 251.585 	 7.451 
 251.775 	 7.451 
 251.960 	 7.442 
 252.150 	 7.441 
 252.335 	 7.441 
 252.525 	 7.445 
 252.715 	 7.437 
 252.900 	 7.437 
 253.090 	 7.437 
 253.275 	 7.437 
 253.465 	 7.437 
 253.655 	 7.433 
 253.840 	 7.422 
 254.030 	 7.426 
 254.215 	 7.423 
 254.405 	 7.422 
 254.595 	 7.422 
 254.780 	 7.422 
 254.970 	 7.422 
 255.155 	 7.422 
 255.345 	 7.414 
 255.535 	 7.412 
 255.720 	 7.408 
 255.910 	 7.417 
 256.095 	 7.412 
 256.285 	 7.416 
 256.475 	 7.417 
 256.660 	 7.413 
 256.850 	 7.412 
 257.035 	 7.412 
 257.225 	 7.422 
 257.415 	 7.418 
 257.600 	 7.413 
 257.790 	 7.417 
 257.975 	 7.417 
 258.165 	 7.417 
 258.355 	 7.417 
 258.540 	 7.412 
 258.730 	 7.412 
 258.915 	 7.416 
 259.105 	 7.413 
 259.295 	 7.412 
 259.480 	 7.407 
 259.670 	 7.407 
 259.855 	 7.402 
 260.045 	 7.410 
 260.235 	 7.412 
 260.420 	 7.412 
 260.610 	 7.417 
 260.795 	 7.417 
 260.985 	 7.408 
 261.175 	 7.415 
 261.360 	 7.417 
 261.550 	 7.413 
 261.735 	 7.417 
 261.925 	 7.413 
 262.115 	 7.407 
 262.300 	 7.407 
 262.490 	 7.407 
 262.675 	 7.407 
 262.865 	 7.407 
 263.055 	 7.407 
 263.240 	 7.407 
 263.430 	 7.403 
 263.615 	 7.402 
 263.805 	 7.394 
 263.995 	 7.393 
 264.180 	 7.388 
 264.370 	 7.384 
 264.555 	 7.383 
 264.745 	 7.379 
 264.935 	 7.369 
 265.120 	 7.372 
 265.310 	 7.369 
 265.495 	 7.368 
 265.685 	 7.359 
 265.875 	 7.362 
 266.060 	 7.363 
 266.250 	 7.363 
 266.435 	 7.363 
 266.625 	 7.363 
 266.815 	 7.368 
 267.000 	 7.373 
 267.190 	 7.377 
 267.375 	 7.378 
 267.565 	 7.378 
 267.755 	 7.378 
 267.940 	 7.378 
 268.130 	 7.383 
 268.315 	 7.379 
 268.505 	 7.383 
 268.695 	 7.383 
 268.880 	 7.383 
 269.070 	 7.383 
 269.255 	 7.388 
 269.445 	 7.388 
 269.635 	 7.383 
 269.820 	 7.383 
 270.010 	 7.383 
 270.195 	 7.379 
 270.385 	 7.378 
 270.575 	 7.378 
 270.760 	 7.383 
 270.950 	 7.383 
 271.135 	 7.383 
 271.325 	 7.383 
 271.515 	 7.388 
 271.700 	 7.388 
 271.890 	 7.388 
 272.075 	 7.388 
 272.265 	 7.388 
 272.455 	 7.383 
 272.640 	 7.378 
 272.830 	 7.382 
 273.015 	 7.383 
 273.205 	 7.379 
 273.395 	 7.383 
 273.580 	 7.383 
 273.770 	 7.388 
 273.955 	 7.384 
 274.145 	 7.388 
 274.335 	 7.388 
 274.520 	 7.378 
 274.710 	 7.382 
 274.895 	 7.383 
 275.085 	 7.383 
 275.275 	 7.388 
 275.460 	 7.392 
 275.650 	 7.393 
 275.835 	 7.393 
 276.025 	 7.397 
 276.215 	 7.393 
 276.400 	 7.388 
 276.590 	 7.392 
 276.775 	 7.402 
 276.965 	 7.402 
 277.155 	 7.402 
 277.340 	 7.402 
 277.530 	 7.398 
 277.715 	 7.397 
 277.905 	 7.393 
 278.095 	 7.398 
 278.280 	 7.402 
 278.470 	 7.402 
 278.655 	 7.398 
 278.845 	 7.397 
 279.035 	 7.397 
 279.220 	 7.393 
 279.410 	 7.393 
 279.595 	 7.398 
 279.785 	 7.402 
 279.975 	 7.403 
 280.160 	 7.407 
 280.350 	 7.407 
 280.535 	 7.407 
 280.725 	 7.407 
 280.915 	 7.407 
 281.100 	 7.407 
 281.290 	 7.403 
 281.475 	 7.397 
 281.665 	 7.397 
 281.855 	 7.407 
 282.040 	 7.402 
 282.230 	 7.402 
 282.415 	 7.402 
 282.605 	 7.402 
 282.795 	 7.403 
 282.980 	 7.407 
 283.170 	 7.407 
 283.355 	 7.403 
 283.545 	 7.402 
 283.735 	 7.398 
 283.920 	 7.402 
 284.110 	 7.402 
 284.295 	 7.402 
 284.485 	 7.403 
 284.675 	 7.406 
 284.860 	 7.407 
 285.050 	 7.407 
 285.235 	 7.412 
 285.425 	 7.408 
 285.615 	 7.393 
 285.800 	 7.397 
 285.990 	 7.397 
 286.175 	 7.397 
 286.365 	 7.397 
 286.555 	 7.397 
 286.740 	 7.402 
 286.930 	 7.402 
 287.115 	 7.402 
 287.305 	 7.397 
 287.495 	 7.393 
 287.680 	 7.402 
 287.870 	 7.402 
 288.055 	 7.397 
 288.245 	 7.397 
 288.435 	 7.388 
 288.620 	 7.392 
 288.810 	 7.397 
 288.995 	 7.402 
 289.185 	 7.402 
 289.375 	 7.398 
 289.560 	 7.402 
 289.750 	 7.397 
 289.935 	 7.393 
 290.125 	 7.397 
 290.315 	 7.397 
 290.500 	 7.397 
 290.690 	 7.397 
 290.875 	 7.398 
 291.065 	 7.402 
 291.255 	 7.393 
 291.440 	 7.393 
 291.630 	 7.393 
 291.815 	 7.397 
 292.005 	 7.397 
 292.195 	 7.397 
 292.380 	 7.397 
 292.570 	 7.393 
 292.755 	 7.393 
 292.945 	 7.397 
 293.135 	 7.397 
 293.320 	 7.397 
 293.510 	 7.393 
 293.695 	 7.397 
 293.885 	 7.397 
 294.075 	 7.388 
 294.260 	 7.392 
 294.450 	 7.397 
 294.635 	 7.393 
 294.825 	 7.388 
 295.015 	 7.388 
 295.200 	 7.397 
 295.390 	 7.397 
 295.575 	 7.403 
 295.765 	 7.412 
 295.955 	 7.402 
 296.140 	 7.402 
 296.330 	 7.402 
 296.515 	 7.397 
 296.705 	 7.397 
 296.895 	 7.397 
 297.080 	 7.397 
 297.270 	 7.393 
 297.455 	 7.393 
 297.645 	 7.402 
 297.835 	 7.393 
 298.020 	 7.397 
 298.210 	 7.397 
 298.395 	 7.397 
 298.585 	 7.397 
 298.775 	 7.406 
 298.960 	 7.407 
 299.150 	 7.409 
 299.335 	 7.417 
 299.525 	 7.417 
 299.715 	 7.422 
 299.900 	 7.422 
 300.090 	 7.422 
 300.275 	 7.417 
 300.465 	 7.417 
 300.655 	 7.417 
 300.840 	 7.418 
 301.030 	 7.427 
 301.215 	 7.422 
 301.405 	 7.422 
 301.595 	 7.422 
 301.780 	 7.417 
 301.970 	 7.417 
 302.155 	 7.413 
 302.345 	 7.417 
 302.535 	 7.407 
 302.720 	 7.412 
 302.910 	 7.403 
 303.095 	 7.407 
 303.285 	 7.412 
 303.475 	 7.421 
 303.660 	 7.417 
 303.850 	 7.422 
 304.035 	 7.422 
 304.225 	 7.414 
 304.415 	 7.421 
 304.600 	 7.422 
 304.790 	 7.422 
 304.975 	 7.416 
 305.165 	 7.412 
 305.355 	 7.417 
 305.540 	 7.417 
 305.730 	 7.412 
 305.915 	 7.412 
 306.105 	 7.414 
 306.295 	 7.422 
 306.480 	 7.422 
 306.670 	 7.421 
 306.855 	 7.417 
 307.045 	 7.417 
 307.235 	 7.417 
 307.420 	 7.417 
 307.610 	 7.417 
 307.795 	 7.417 
 307.985 	 7.417 
 308.175 	 7.417 
 308.360 	 7.417 
 308.550 	 7.417 
 308.735 	 7.417 
 308.925 	 7.413 
 309.115 	 7.422 
 309.300 	 7.417 
 309.490 	 7.417 
 309.675 	 7.417 
 309.865 	 7.422 
 310.055 	 7.422 
 310.240 	 7.417 
 310.430 	 7.427 
 310.615 	 7.432 
 310.805 	 7.432 
 310.995 	 7.443 
 311.180 	 7.451 
 311.370 	 7.456 
 311.555 	 7.456 
 311.745 	 7.447 
 311.935 	 7.451 
 312.120 	 7.455 
 312.310 	 7.451 
 312.495 	 7.461 
 312.685 	 7.461 
 312.875 	 7.465 
 313.060 	 7.461 
 313.250 	 7.462 
 313.435 	 7.465 
 313.625 	 7.461 
 313.815 	 7.461 
 314.000 	 7.470 
 314.190 	 7.466 
 314.375 	 7.466 
 314.565 	 7.466 
 314.755 	 7.470 
 314.940 	 7.466 
 315.130 	 7.470 
 315.315 	 7.466 
 315.505 	 7.471 
 315.695 	 7.471 
 315.880 	 7.467 
 316.070 	 7.471 
 316.255 	 7.466 
 316.445 	 7.470 
 316.635 	 7.461 
 316.820 	 7.461 
 317.010 	 7.462 
 317.195 	 7.466 
 317.385 	 7.481 
 317.575 	 7.485 
 317.760 	 7.485 
 317.950 	 7.483 
 318.135 	 7.471 
 318.325 	 7.470 
 318.515 	 7.466 
 318.700 	 7.465 
 318.890 	 7.461 
 319.075 	 7.466 
 319.265 	 7.461 
 319.455 	 7.461 
 319.640 	 7.461 
 319.830 	 7.466 
 320.015 	 7.466 
 320.205 	 7.476 
 320.395 	 7.476 
 320.580 	 7.472 
 320.770 	 7.480 
 320.955 	 7.478 
 321.145 	 7.473 
 321.335 	 7.485 
 321.520 	 7.484 
 321.710 	 7.480 
 321.895 	 7.477 
 322.085 	 7.480 
 322.275 	 7.475 
 322.460 	 7.471 
 322.650 	 7.475 
 322.835 	 7.473 
 323.025 	 7.490 
 323.215 	 7.490 
 323.400 	 7.490 
 323.590 	 7.489 
 323.775 	 7.475 
 323.965 	 7.471 
 324.155 	 7.475 
 324.340 	 7.470 
 324.530 	 7.467 
 324.715 	 7.470 
 324.905 	 7.467 
 325.095 	 7.466 
 325.280 	 7.469 
 325.470 	 7.467 
 325.655 	 7.470 
 325.845 	 7.466 
 326.035 	 7.465 
 326.220 	 7.462 
 326.410 	 7.464 
 326.595 	 7.458 
 326.785 	 7.464 
 326.975 	 7.470 
 327.160 	 7.465 
 327.350 	 7.462 
 327.535 	 7.456 
 327.725 	 7.465 
 327.915 	 7.471 
 328.100 	 7.471 
 328.290 	 7.475 
 328.475 	 7.470 
 328.665 	 7.462 
 328.855 	 7.466 
 329.040 	 7.467 
 329.230 	 7.469 
 329.415 	 7.461 
 329.605 	 7.461 
 329.795 	 7.457 
 329.980 	 7.470 
 330.170 	 7.466 
 330.355 	 7.466 
 330.545 	 7.461 
 330.735 	 7.460 
 330.920 	 7.457 
 331.110 	 7.466 
 331.295 	 7.465 
 331.485 	 7.459 
 331.675 	 7.452 
 331.860 	 7.455 
 332.050 	 7.452 
 332.235 	 7.461 
 332.425 	 7.461 
 332.615 	 7.461 
 332.800 	 7.461 
 332.990 	 7.461 
 333.175 	 7.465 
 333.365 	 7.461 
 333.555 	 7.461 
 333.740 	 7.461 
 333.930 	 7.461 
 334.115 	 7.461 
 334.305 	 7.460 
 334.495 	 7.457 
 334.680 	 7.462 
 334.870 	 7.471 
 335.055 	 7.471 
 335.245 	 7.471 
 335.435 	 7.471 
 335.620 	 7.471 
 335.810 	 7.470 
 335.995 	 7.467 
 336.185 	 7.471 
 336.375 	 7.472 
 336.560 	 7.476 
 336.750 	 7.480 
 336.935 	 7.481 
 337.125 	 7.485 
 337.315 	 7.480 
 337.500 	 7.481 
 337.690 	 7.484 
 337.875 	 7.477 
 338.065 	 7.480 
 338.255 	 7.479 
 338.440 	 7.476 
 338.630 	 7.479 
 338.815 	 7.476 
 339.005 	 7.482 
 339.195 	 7.487 
 339.380 	 7.491 
 339.570 	 7.494 
 339.755 	 7.488 
 339.945 	 7.474 
 340.135 	 7.471 
 340.320 	 7.472 
 340.510 	 7.476 
 340.695 	 7.476 
 340.885 	 7.482 
 341.075 	 7.485 
 341.260 	 7.480 
 341.450 	 7.479 
 341.635 	 7.476 
 341.825 	 7.476 
 342.015 	 7.476 
 342.200 	 7.479 
 342.390 	 7.476 
 342.575 	 7.474 
 342.765 	 7.471 
 342.955 	 7.472 
 343.140 	 7.475 
 343.330 	 7.472 
 343.515 	 7.475 
 343.705 	 7.471 
 343.895 	 7.471 
 344.080 	 7.471 
 344.270 	 7.471 
 344.455 	 7.469 
 344.645 	 7.467 
 344.835 	 7.471 
 345.020 	 7.469 
 345.210 	 7.466 
 345.395 	 7.470 
 345.585 	 7.464 
 345.775 	 7.462 
 345.960 	 7.466 
 346.150 	 7.466 
 346.335 	 7.465 
 346.525 	 7.461 
 346.715 	 7.464 
 346.900 	 7.470 
 347.090 	 7.466 
 347.275 	 7.465 
 347.465 	 7.464 
 347.655 	 7.471 
 347.840 	 7.469 
 348.030 	 7.465 
 348.215 	 7.462 
 348.405 	 7.465 
 348.595 	 7.461 
 348.780 	 7.461 
 348.970 	 7.464 
 349.155 	 7.462 
 349.345 	 7.471 
 349.535 	 7.469 
 349.720 	 7.464 
 349.910 	 7.470 
 350.095 	 7.464 
 350.285 	 7.461 
 350.475 	 7.462 
 350.660 	 7.463 
 350.850 	 7.457 
 351.035 	 7.471 
 351.225 	 7.470 
 351.415 	 7.465 
 351.600 	 7.457 
 351.790 	 7.461 
 351.975 	 7.462 
 352.165 	 7.466 
 352.355 	 7.467 
 352.540 	 7.471 
 352.730 	 7.471 
 352.915 	 7.469 
 353.105 	 7.466 
 353.295 	 7.461 
 353.480 	 7.453 
 353.670 	 7.461 
 353.855 	 7.462 
 354.045 	 7.471 
 354.235 	 7.471 
 354.420 	 7.474 
 354.610 	 7.467 
 354.795 	 7.472 
 354.985 	 7.476 
 355.175 	 7.477 
 355.360 	 7.480 
 355.550 	 7.480 
 355.735 	 7.480 
 355.925 	 7.482 
 356.115 	 7.487 
 356.300 	 7.490 
 356.490 	 7.490 
 356.675 	 7.490 
 356.865 	 7.492 
 357.055 	 7.495 
 357.240 	 7.495 
 357.430 	 7.496 
 357.615 	 7.499 
 357.805 	 7.497 
 357.995 	 7.505 
 358.180 	 7.505 
 358.370 	 7.510 
 358.555 	 7.508 
 358.745 	 7.503 
 358.935 	 7.500 
 359.120 	 7.501 
 359.310 	 7.505 
 359.495 	 7.506 
 359.685 	 7.509 
 359.875 	 7.506 
 360.060 	 7.510 
 360.250 	 7.509 
 360.435 	 7.506 
 360.625 	 7.510 
 360.815 	 7.510 
 361.000 	 7.510 
 361.190 	 7.510 
 361.375 	 7.505 
 361.565 	 7.505 
 361.755 	 7.510 
 361.940 	 7.510 
 362.130 	 7.510 
 362.315 	 7.510 
 362.505 	 7.514 
 362.695 	 7.510 
 362.880 	 7.505 
 363.070 	 7.506 
 363.255 	 7.510 
 363.445 	 7.506 
 363.635 	 7.509 
 363.820 	 7.506 
 364.010 	 7.505 
 364.195 	 7.509 
 364.385 	 7.505 
 364.575 	 7.505 
 364.760 	 7.504 
 364.950 	 7.500 
 365.135 	 7.504 
 365.325 	 7.496 
 365.515 	 7.499 
 365.700 	 7.496 
 365.890 	 7.490 
 366.075 	 7.484 
 366.265 	 7.481 
 366.455 	 7.487 
 366.640 	 7.490 
 366.830 	 7.491 
 367.015 	 7.495 
 367.205 	 7.495 
 367.395 	 7.495 
 367.580 	 7.490 
 367.770 	 7.492 
 367.955 	 7.495 
 368.145 	 7.493 
 368.335 	 7.488 
 368.520 	 7.479 
 368.710 	 7.473 
 368.895 	 7.464 
 369.085 	 7.461 
 369.275 	 7.458 
 369.460 	 7.450 
 369.650 	 7.441 
 369.835 	 7.441 
 370.025 	 7.441 
 370.215 	 7.437 
 370.400 	 7.428 
 370.590 	 7.432 
 370.775 	 7.437 
 370.965 	 7.446 
 371.155 	 7.446 
 371.340 	 7.446 
 371.530 	 7.445 
 371.715 	 7.443 
 371.905 	 7.447 
 372.095 	 7.450 
 372.280 	 7.448 
 372.470 	 7.451 
 372.655 	 7.451 
 372.845 	 7.453 
 373.035 	 7.456 
 373.220 	 7.457 
 373.410 	 7.460 
 373.595 	 7.457 
 373.785 	 7.460 
 373.975 	 7.456 
 374.160 	 7.456 
 374.350 	 7.457 
 374.535 	 7.461 
 374.725 	 7.459 
 374.915 	 7.459 
 375.100 	 7.464 
 375.290 	 7.462 
 375.475 	 7.468 
 375.665 	 7.473 
 375.855 	 7.467 
 376.040 	 7.471 
 376.230 	 7.472 
 376.415 	 7.474 
 376.605 	 7.471 
 376.795 	 7.471 
 376.980 	 7.471 
 377.170 	 7.473 
 377.355 	 7.476 
 377.545 	 7.476 
 377.735 	 7.472 
 377.920 	 7.467 
 378.110 	 7.471 
 378.295 	 7.472 
 378.485 	 7.477 
 378.675 	 7.479 
 378.860 	 7.476 
 379.050 	 7.476 
 379.235 	 7.473 
 379.425 	 7.471 
 379.615 	 7.473 
 379.800 	 7.474 
 379.990 	 7.472 
 380.175 	 7.474 
 380.365 	 7.472 
 380.555 	 7.474 
 380.740 	 7.472 
 380.930 	 7.476 
 381.115 	 7.476 
 381.305 	 7.478 
 381.495 	 7.485 
 381.680 	 7.485 
 381.870 	 7.484 
 382.055 	 7.479 
 382.245 	 7.477 
 382.435 	 7.480 
 382.620 	 7.479 
 382.810 	 7.476 
 382.995 	 7.476 
 383.185 	 7.476 
 383.375 	 7.476 
 383.560 	 7.476 
 383.750 	 7.472 
 383.935 	 7.468 
 384.125 	 7.472 
 384.315 	 7.477 
 384.500 	 7.480 
 384.690 	 7.477 
 384.875 	 7.475 
 385.065 	 7.479 
 385.255 	 7.476 
 385.440 	 7.476 
 385.630 	 7.477 
 385.815 	 7.479 
 386.005 	 7.477 
 386.195 	 7.480 
 386.380 	 7.480 
 386.570 	 7.480 
 386.755 	 7.478 
 386.945 	 7.474 
 387.135 	 7.472 
 387.320 	 7.477 
 387.510 	 7.480 
 387.695 	 7.480 
 387.885 	 7.479 
 388.075 	 7.476 
 388.260 	 7.474 
 388.450 	 7.475 
 388.635 	 7.479 
 388.825 	 7.476 
 389.015 	 7.474 
 389.200 	 7.474 
 389.390 	 7.480 
 389.575 	 7.482 
 389.765 	 7.487 
 389.955 	 7.488 
 390.140 	 7.487 
 390.330 	 7.487 
 390.515 	 7.480 
 390.705 	 7.479 
 390.895 	 7.476 
 391.080 	 7.477 
 391.270 	 7.479 
 391.455 	 7.474 
 391.645 	 7.471 
 391.835 	 7.473 
 392.020 	 7.476 
 392.210 	 7.473 
 392.395 	 7.469 
 392.585 	 7.469 
 392.775 	 7.476 
 392.960 	 7.476 
 393.150 	 7.478 
 393.335 	 7.478 
 393.525 	 7.476 
 393.715 	 7.476 
 393.900 	 7.474 
 394.090 	 7.471 
 394.275 	 7.471 
 394.465 	 7.472 
 394.655 	 7.478 
 394.840 	 7.479 
 395.030 	 7.476 
 395.215 	 7.477 
 395.405 	 7.479 
 395.595 	 7.474 
 395.780 	 7.469 
 395.970 	 7.464 
 396.155 	 7.461 
 396.345 	 7.458 
 396.535 	 7.451 
 396.720 	 7.453 
 396.910 	 7.458 
 397.095 	 7.461 
 397.285 	 7.466 
 397.475 	 7.476 
 397.660 	 7.474 
 397.850 	 7.471 
 398.035 	 7.469 
 398.225 	 7.460 
 398.415 	 7.450 
 398.600 	 7.454 
 398.790 	 7.451 
 398.975 	 7.447 
 399.165 	 7.441 
 399.355 	 7.443 
 399.540 	 7.444 
 399.730 	 7.444 
 399.915 	 7.448 
 400.105 	 7.450 
 400.295 	 7.446 
 400.480 	 7.445 
 400.670 	 7.441 
 400.855 	 7.445 
 401.045 	 7.449 
 401.235 	 7.448 
 401.420 	 7.451 
 401.610 	 7.450 
 401.795 	 7.446 
 401.985 	 7.445 
 402.175 	 7.445 
 402.360 	 7.451 
 402.550 	 7.451 
 402.735 	 7.447 
 402.925 	 7.445 
 403.115 	 7.451 
 403.300 	 7.449 
 403.490 	 7.448 
 403.675 	 7.449 
 403.865 	 7.448 
 404.055 	 7.453 
 404.240 	 7.456 
 404.430 	 7.456 
 404.615 	 7.454 
 404.805 	 7.449 
 404.995 	 7.448 
 405.180 	 7.449 
 405.370 	 7.448 
 405.555 	 7.451 
 405.745 	 7.454 
 405.935 	 7.451 
 406.120 	 7.448 
 406.310 	 7.449 
 406.495 	 7.448 
 406.685 	 7.449 
 406.875 	 7.451 
 407.060 	 7.454 
 407.250 	 7.453 
 407.435 	 7.454 
 407.625 	 7.449 
 407.815 	 7.451 
 408.000 	 7.451 
 408.190 	 7.449 
 408.375 	 7.451 
 408.565 	 7.451 
 408.755 	 7.453 
 408.940 	 7.454 
 409.130 	 7.449 
 409.315 	 7.446 
 409.505 	 7.444 
 409.695 	 7.444 
 409.880 	 7.449 
 410.070 	 7.451 
 410.255 	 7.449 
 410.445 	 7.448 
 410.635 	 7.449 
 410.820 	 7.448 
 411.010 	 7.451 
 411.195 	 7.449 
 411.385 	 7.446 
 411.575 	 7.446 
 411.760 	 7.444 
 411.950 	 7.441 
 412.135 	 7.439 
 412.325 	 7.437 
 412.515 	 7.439 
 412.700 	 7.441 
 412.890 	 7.441 
 413.075 	 7.443 
 413.265 	 7.448 
 413.455 	 7.449 
 413.640 	 7.448 
 413.830 	 7.448 
 414.015 	 7.439 
 414.205 	 7.437 
 414.395 	 7.437 
 414.580 	 7.437 
 414.770 	 7.441 
 414.955 	 7.445 
 415.145 	 7.443 
 415.335 	 7.446 
 415.520 	 7.446 
 415.710 	 7.443 
 415.895 	 7.439 
 416.085 	 7.438 
 416.275 	 7.432 
 416.460 	 7.434 
 416.650 	 7.439 
 416.835 	 7.441 
 417.025 	 7.441 
 417.215 	 7.441 
 417.400 	 7.436 
 417.590 	 7.435 
 417.775 	 7.437 
 417.965 	 7.439 
 418.155 	 7.439 
 418.340 	 7.439 
 418.530 	 7.441 
 418.715 	 7.441 
 418.905 	 7.441 
 419.095 	 7.441 
 419.280 	 7.438 
 419.470 	 7.434 
 419.655 	 7.438 
 419.845 	 7.441 
 420.035 	 7.439 
 420.220 	 7.439 
 420.410 	 7.437 
 420.595 	 7.434 
 420.785 	 7.434 
 420.975 	 7.438 
 421.160 	 7.439 
 421.350 	 7.437 
 421.535 	 7.439 
 421.725 	 7.439 
 421.915 	 7.437 
 422.100 	 7.439 
 422.290 	 7.441 
 422.475 	 7.439 
 422.665 	 7.434 
 422.855 	 7.432 
 423.040 	 7.432 
 423.230 	 7.434 
 423.415 	 7.437 
 423.605 	 7.434 
 423.795 	 7.434 
 423.980 	 7.437 
 424.170 	 7.434 
 424.355 	 7.432 
 424.545 	 7.432 
 424.735 	 7.436 
 424.920 	 7.439 
 425.110 	 7.439 
 425.295 	 7.441 
 425.485 	 7.441 
 425.675 	 7.441 
 425.860 	 7.439 
 426.050 	 7.439 
 426.235 	 7.441 
 426.425 	 7.441 
 426.615 	 7.439 
 426.800 	 7.439 
 426.990 	 7.438 
 427.175 	 7.437 
 427.365 	 7.443 
 427.555 	 7.443 
 427.740 	 7.444 
 427.930 	 7.441 
 428.115 	 7.439 
 428.305 	 7.440 
 428.495 	 7.441 
 428.680 	 7.446 
 428.870 	 7.449 
 429.055 	 7.446 
 429.245 	 7.447 
 429.435 	 7.445 
 429.620 	 7.441 
 429.810 	 7.444 
 429.995 	 7.446 
 430.185 	 7.444 
 430.375 	 7.446 
 430.560 	 7.451 
 430.750 	 7.446 
 430.935 	 7.444 
 431.125 	 7.446 
 431.315 	 7.449 
 431.500 	 7.451 
 431.690 	 7.451 
 431.875 	 7.449 
 432.065 	 7.449 
 432.255 	 7.451 
 432.440 	 7.451 
 432.630 	 7.448 
 432.815 	 7.449 
 433.005 	 7.451 
 433.195 	 7.451 
 433.380 	 7.451 
 433.570 	 7.451 
 433.755 	 7.454 
 433.945 	 7.451 
 434.135 	 7.449 
 434.320 	 7.449 
 434.510 	 7.446 
 434.695 	 7.449 
 434.885 	 7.449 
 435.075 	 7.444 
 435.260 	 7.444 
 435.450 	 7.446 
 435.635 	 7.449 
 435.825 	 7.451 
 436.015 	 7.451 
 436.200 	 7.451 
 436.390 	 7.451 
 436.575 	 7.449 
 436.765 	 7.449 
 436.955 	 7.448 
 437.140 	 7.449 
 437.330 	 7.446 
 437.515 	 7.441 
 437.705 	 7.446 
 437.895 	 7.449 
 438.080 	 7.452 
 438.270 	 7.453 
 438.455 	 7.448 
 438.645 	 7.446 
 438.835 	 7.449 
 439.020 	 7.451 
 439.210 	 7.451 
 439.395 	 7.449 
 439.585 	 7.444 
 439.775 	 7.444 
 439.960 	 7.450 
 440.150 	 7.456 
 440.335 	 7.456 
 440.525 	 7.456 
 440.715 	 7.456 
 440.900 	 7.454 
 441.090 	 7.451 
 441.275 	 7.451 
 441.465 	 7.456 
 441.655 	 7.459 
 441.840 	 7.454 
 442.030 	 7.456 
 442.215 	 7.458 
 442.405 	 7.459 
 442.595 	 7.464 
 442.780 	 7.466 
 442.970 	 7.469 
 443.155 	 7.468 
 443.345 	 7.466 
 443.535 	 7.466 
 443.720 	 7.466 
 443.910 	 7.463 
 444.095 	 7.464 
 444.285 	 7.460 
 444.475 	 7.460 
 444.660 	 7.457 
 444.850 	 7.456 
 445.035 	 7.459 
 445.225 	 7.461 
 445.415 	 7.461 
 445.600 	 7.461 
 445.790 	 7.461 
 445.975 	 7.461 
 446.165 	 7.455 
 446.355 	 7.451 
 446.540 	 7.457 
 446.730 	 7.461 
 446.915 	 7.461 
 447.105 	 7.457 
 447.295 	 7.459 
 447.480 	 7.461 
 447.670 	 7.456 
 447.855 	 7.454 
 448.045 	 7.456 
 448.235 	 7.456 
 448.420 	 7.456 
 448.610 	 7.461 
 448.795 	 7.461 
 448.985 	 7.453 
 449.175 	 7.455 
 449.360 	 7.456 
 449.550 	 7.451 
 449.735 	 7.449 
 449.925 	 7.454 
 450.115 	 7.456 
 450.300 	 7.456 
 450.490 	 7.453 
 450.675 	 7.454 
 450.865 	 7.454 
 451.055 	 7.451 
 451.240 	 7.454 
 451.430 	 7.456 
 451.615 	 7.453 
 451.805 	 7.451 
 451.995 	 7.451 
 452.180 	 7.455 
 452.370 	 7.456 
 452.555 	 7.453 
 452.745 	 7.454 
 452.935 	 7.453 
 453.120 	 7.454 
 453.310 	 7.449 
 453.495 	 7.449 
 453.685 	 7.451 
 453.875 	 7.451 
 454.060 	 7.451 
 454.250 	 7.451 
 454.435 	 7.451 
 454.625 	 7.445 
 454.815 	 7.441 
 455.000 	 7.444 
 455.190 	 7.446 
 455.375 	 7.449 
 455.565 	 7.451 
 455.755 	 7.448 
 455.940 	 7.446 
 456.130 	 7.446 
 456.315 	 7.446 
 456.505 	 7.449 
 456.695 	 7.451 
 456.880 	 7.451 
 457.070 	 7.448 
 457.255 	 7.443 
 457.445 	 7.439 
 457.635 	 7.437 
 457.820 	 7.443 
 458.010 	 7.446 
 458.195 	 7.444 
 458.385 	 7.439 
 458.575 	 7.440 
 458.760 	 7.441 
 458.950 	 7.444 
 459.135 	 7.443 
 459.325 	 7.439 
 459.515 	 7.441 
 459.700 	 7.441 
 459.890 	 7.431 
 460.075 	 7.427 
 460.265 	 7.421 
 460.455 	 7.411 
 460.640 	 7.399 
 460.830 	 7.387 
 461.015 	 7.380 
 461.205 	 7.378 
 461.395 	 7.378 
 461.580 	 7.375 
 461.770 	 7.381 
 461.955 	 7.385 
 462.145 	 7.383 
 462.335 	 7.386 
 462.520 	 7.384 
 462.710 	 7.379 
 462.895 	 7.378 
 463.085 	 7.378 
 463.275 	 7.375 
 463.460 	 7.373 
 463.650 	 7.373 
 463.835 	 7.376 
 464.025 	 7.381 
 464.215 	 7.383 
 464.400 	 7.383 
 464.590 	 7.377 
 464.775 	 7.373 
 464.965 	 7.367 
 465.155 	 7.374 
 465.340 	 7.378 
 465.530 	 7.378 
 465.715 	 7.378 
 465.905 	 7.375 
 466.095 	 7.370 
 466.280 	 7.375 
 466.470 	 7.378 
 466.655 	 7.378 
 466.845 	 7.373 
 467.035 	 7.377 
 467.220 	 7.383 
 467.410 	 7.377 
 467.595 	 7.376 
 467.785 	 7.378 
 467.975 	 7.381 
 468.160 	 7.379 
 468.350 	 7.378 
 468.535 	 7.381 
 468.725 	 7.379 
 468.915 	 7.382 
 469.100 	 7.375 
 469.290 	 7.379 
 469.475 	 7.380 
 469.665 	 7.381 
 469.855 	 7.389 
 470.040 	 7.393 
 470.230 	 7.396 
 470.415 	 7.397 
 470.605 	 7.400 
 470.795 	 7.402 
 470.980 	 7.402 
 471.170 	 7.402 
 471.355 	 7.402 
 471.545 	 7.406 
 471.735 	 7.407 
 471.920 	 7.407 
 472.110 	 7.407 
 472.295 	 7.407 
 472.485 	 7.407 
 472.675 	 7.404 
 472.860 	 7.406 
 473.050 	 7.403 
 473.235 	 7.406 
 473.425 	 7.407 
 473.615 	 7.407 
 473.800 	 7.404 
 473.990 	 7.399 
 474.175 	 7.405 
 474.365 	 7.407 
 474.555 	 7.407 
 474.740 	 7.407 
 474.930 	 7.411 
 475.115 	 7.412 
 475.305 	 7.412 
 475.495 	 7.412 
 475.680 	 7.405 
 475.870 	 7.402 
 476.055 	 7.406 
 476.245 	 7.397 
 476.435 	 7.399 
 476.620 	 7.402 
 476.810 	 7.399 
 476.995 	 7.397 
 477.185 	 7.397 
 477.375 	 7.400 
 477.560 	 7.399 
 477.750 	 7.397 
 477.935 	 7.400 
 478.125 	 7.402 
 478.315 	 7.402 
 478.500 	 7.405 
 478.690 	 7.407 
 478.875 	 7.407 
 479.065 	 7.411 
 479.255 	 7.415 
 479.440 	 7.413 
 479.630 	 7.415 
 479.815 	 7.417 
 480.005 	 7.417 
 480.195 	 7.414 
 480.380 	 7.415 
 480.570 	 7.414 
 480.755 	 7.415 
 480.945 	 7.414 
 481.135 	 7.415 
 481.320 	 7.413 
 481.510 	 7.412 
 481.695 	 7.409 
 481.885 	 7.411 
 482.075 	 7.415 
 482.260 	 7.417 
 482.450 	 7.420 
 482.635 	 7.418 
 482.825 	 7.417 
 483.015 	 7.417 
 483.200 	 7.417 
 483.390 	 7.413 
 483.575 	 7.416 
 483.765 	 7.417 
 483.955 	 7.410 
 484.140 	 7.410 
 484.330 	 7.412 
 484.515 	 7.416 
 484.705 	 7.421 
 484.895 	 7.422 
 485.080 	 7.418 
 485.270 	 7.410 
 485.455 	 7.414 
 485.645 	 7.417 
 485.835 	 7.410 
 486.020 	 7.411 
 486.210 	 7.416 
 486.395 	 7.414 
 486.585 	 7.408 
 486.775 	 7.414 
 486.960 	 7.417 
 487.150 	 7.417 
 487.335 	 7.410 
 487.525 	 7.411 
 487.715 	 7.412 
 487.900 	 7.408 
 488.090 	 7.404 
 488.275 	 7.406 
 488.465 	 7.404 
 488.655 	 7.398 
 488.840 	 7.401 
 489.030 	 7.398 
 489.215 	 7.397 
 489.405 	 7.406 
 489.595 	 7.410 
 489.780 	 7.412 
 489.970 	 7.405 
 490.155 	 7.398 
 490.345 	 7.405 
 490.535 	 7.403 
 490.720 	 7.406 
 490.910 	 7.411 
 491.095 	 7.419 
 491.285 	 7.422 
 491.475 	 7.426 
 491.660 	 7.427 
 491.850 	 7.419 
 492.035 	 7.420 
 492.225 	 7.422 
 492.415 	 7.425 
 492.600 	 7.430 
 492.790 	 7.432 
 492.975 	 7.432 
 493.165 	 7.436 
 493.355 	 7.437 
 493.540 	 7.432 
 493.730 	 7.435 
 493.915 	 7.437 
 494.105 	 7.429 
 494.295 	 7.440 
 494.480 	 7.441 
 494.670 	 7.441 
 494.855 	 7.438 
 495.045 	 7.441 
 495.235 	 7.445 
 495.420 	 7.446 
 495.610 	 7.443 
 495.795 	 7.441 
 495.985 	 7.441 
 496.175 	 7.441 
 496.360 	 7.441 
 496.550 	 7.446 
 496.735 	 7.446 
 496.925 	 7.450 
 497.115 	 7.451 
 497.300 	 7.447 
 497.490 	 7.446 
 497.675 	 7.446 
 497.865 	 7.446 
 498.055 	 7.443 
 498.240 	 7.445 
 498.430 	 7.438 
 498.615 	 7.443 
 498.805 	 7.446 
 498.995 	 7.443 
 499.180 	 7.445 
 499.370 	 7.443 
 499.555 	 7.445 
 499.745 	 7.446 
 499.935 	 7.442 
 500.120 	 7.438 
 500.310 	 7.440 
 500.495 	 7.445 
 500.685 	 7.446 
 500.875 	 7.450 
 501.060 	 7.451 
 501.250 	 7.455 
 501.435 	 7.456 
 501.625 	 7.453 
 501.815 	 7.448 
 502.000 	 7.439 
 502.190 	 7.437 
 502.375 	 7.437 
 502.565 	 7.433 
 502.755 	 7.436 
 502.940 	 7.437 
 503.130 	 7.433 
 503.315 	 7.428 
 503.505 	 7.438 
 503.695 	 7.441 
 503.880 	 7.441 
 504.070 	 7.449 
 504.255 	 7.447 
 504.445 	 7.446 
 504.635 	 7.450 
 504.820 	 7.451 
 505.010 	 7.451 
 505.195 	 7.451 
 505.385 	 7.455 
 505.575 	 7.452 
 505.760 	 7.455 
 505.950 	 7.452 
 506.135 	 7.455 
 506.325 	 7.452 
 506.515 	 7.451 
 506.700 	 7.455 
 506.890 	 7.456 
 507.075 	 7.456 
 507.265 	 7.461 
 507.455 	 7.461 
 507.640 	 7.461 
 507.830 	 7.457 
 508.015 	 7.456 
 508.205 	 7.452 
 508.395 	 7.455 
 508.580 	 7.452 
 508.770 	 7.460 
 508.955 	 7.461 
 509.145 	 7.461 
 509.335 	 7.461 
 509.520 	 7.461 
 509.710 	 7.461 
 509.895 	 7.457 
 510.085 	 7.460 
 510.275 	 7.461 
 510.460 	 7.461 
 510.650 	 7.466 
 510.835 	 7.466 
 511.025 	 7.466 
 511.215 	 7.466 
 511.400 	 7.466 
 511.590 	 7.466 
 511.775 	 7.452 
 511.965 	 7.463 
 512.155 	 7.461 
 512.340 	 7.461 
 512.530 	 7.461 
 512.715 	 7.456 
 512.905 	 7.451 
 513.095 	 7.446 
 513.280 	 7.450 
 513.470 	 7.451 
 513.655 	 7.455 
 513.845 	 7.460 
 514.035 	 7.461 
 514.220 	 7.457 
 514.410 	 7.456 
 514.595 	 7.451 
 514.785 	 7.451 
 514.975 	 7.447 
 515.160 	 7.454 
 515.350 	 7.447 
 515.535 	 7.454 
 515.725 	 7.456 
 515.915 	 7.456 
 516.100 	 7.456 
 516.290 	 7.452 
 516.475 	 7.447 
 516.665 	 7.446 
 516.855 	 7.439 
 517.040 	 7.446 
 517.230 	 7.446 
 517.415 	 7.446 
 517.605 	 7.446 
 517.795 	 7.451 
 517.980 	 7.451 
 518.170 	 7.456 
 518.355 	 7.456 
 518.545 	 7.456 
 518.735 	 7.460 
 518.920 	 7.456 
 519.110 	 7.460 
 519.295 	 7.461 
 519.485 	 7.461 
 519.675 	 7.461 
 519.860 	 7.457 
 520.050 	 7.466 
 520.235 	 7.466 
 520.425 	 7.471 
 520.615 	 7.463 
 520.800 	 7.461 
 520.990 	 7.461 
 521.175 	 7.461 
 521.365 	 7.461 
 521.555 	 7.461 
 521.740 	 7.461 
 521.930 	 7.461 
 522.115 	 7.465 
 522.305 	 7.462 
 522.495 	 7.465 
 522.680 	 7.466 
 522.870 	 7.461 
 523.055 	 7.465 
 523.245 	 7.458 
 523.435 	 7.465 
 523.620 	 7.470 
 523.810 	 7.471 
 523.995 	 7.471 
 524.185 	 7.471 
 524.375 	 7.463 
 524.560 	 7.471 
 524.750 	 7.463 
 524.935 	 7.468 
 525.125 	 7.471 
 525.315 	 7.466 
 525.500 	 7.466 
 525.690 	 7.471 
 525.875 	 7.471 
 526.065 	 7.467 
 526.255 	 7.466 
 526.440 	 7.469 
 526.630 	 7.471 
 526.815 	 7.471 
 527.005 	 7.471 
 527.195 	 7.467 
 527.380 	 7.461 
 527.570 	 7.461 
 527.755 	 7.466 
 527.945 	 7.466 
 528.135 	 7.466 
 528.320 	 7.470 
 528.510 	 7.471 
 528.695 	 7.466 
 528.885 	 7.470 
 529.075 	 7.471 
 529.260 	 7.471 
 529.450 	 7.471 
 529.635 	 7.467 
 529.825 	 7.466 
 530.015 	 7.458 
 530.200 	 7.466 
 530.390 	 7.462 
 530.575 	 7.461 
 530.765 	 7.461 
 530.955 	 7.461 
 531.140 	 7.465 
 531.330 	 7.466 
 531.515 	 7.466 
 531.705 	 7.466 
 531.895 	 7.458 
 532.080 	 7.461 
 532.270 	 7.461 
 532.455 	 7.461 
 532.645 	 7.456 
 532.835 	 7.464 
 533.020 	 7.462 
 533.210 	 7.461 
 533.395 	 7.461 
 533.585 	 7.461 
 533.775 	 7.461 
 533.960 	 7.456 
 534.150 	 7.456 
 534.335 	 7.460 
 534.525 	 7.465 
 534.715 	 7.462 
 534.900 	 7.457 
 535.090 	 7.461 
 535.275 	 7.461 
 535.465 	 7.461 
 535.655 	 7.461 
 535.840 	 7.457 
 536.030 	 7.456 
 536.215 	 7.452 
 536.405 	 7.451 
 536.595 	 7.455 
 536.780 	 7.456 
 536.970 	 7.456 
 537.155 	 7.461 
 537.345 	 7.457 
 537.535 	 7.451 
 537.720 	 7.456 
 537.910 	 7.456 
 538.095 	 7.452 
 538.285 	 7.460 
 538.475 	 7.456 
 538.660 	 7.456 
 538.850 	 7.446 
 539.035 	 7.442 
 539.225 	 7.453 
 539.415 	 7.456 
 539.600 	 7.456 
 539.790 	 7.456 
 539.975 	 7.456 
 540.165 	 7.451 
 540.355 	 7.455 
 540.540 	 7.447 
 540.730 	 7.450 
 540.915 	 7.441 
 541.105 	 7.446 
 541.295 	 7.451 
 541.480 	 7.442 
 541.670 	 7.451 
 541.855 	 7.442 
 542.045 	 7.441 
 542.235 	 7.450 
 542.420 	 7.437 
 542.610 	 7.451 
 542.795 	 7.447 
 542.985 	 7.446 
 543.175 	 7.442 
 543.360 	 7.451 
 543.550 	 7.447 
 543.735 	 7.446 
 543.925 	 7.451 
 544.115 	 7.451 
 544.300 	 7.447 
 544.490 	 7.450 
 544.675 	 7.447 
 544.865 	 7.442 
 545.055 	 7.446 
 545.240 	 7.441 
 545.430 	 7.446 
 545.615 	 7.446 
 545.805 	 7.451 
 545.995 	 7.456 
 546.180 	 7.461 
 546.370 	 7.457 
 546.555 	 7.456 
 546.745 	 7.456 
 546.935 	 7.456 
 547.120 	 7.457 
 547.310 	 7.461 
 547.495 	 7.451 
 547.685 	 7.460 
 547.875 	 7.466 
 548.060 	 7.470 
 548.250 	 7.476 
 548.435 	 7.476 
 548.625 	 7.466 
 548.815 	 7.470 
 549.000 	 7.471 
 549.190 	 7.471 
 549.375 	 7.476 
 549.565 	 7.476 
 549.755 	 7.480 
 549.940 	 7.476 
 550.130 	 7.481 
 550.315 	 7.485 
 550.505 	 7.481 
 550.695 	 7.480 
 550.880 	 7.480 
 551.070 	 7.485 
 551.255 	 7.485 
 551.445 	 7.480 
 551.635 	 7.481 
 551.820 	 7.485 
 552.010 	 7.481 
 552.195 	 7.485 
 552.385 	 7.490 
 552.575 	 7.490 
 552.760 	 7.486 
 552.950 	 7.490 
 553.135 	 7.490 
 553.325 	 7.490 
 553.515 	 7.486 
 553.700 	 7.486 
 553.890 	 7.490 
 554.075 	 7.490 
 554.265 	 7.485 
 554.455 	 7.485 
 554.640 	 7.481 
 554.830 	 7.485 
 555.015 	 7.490 
 555.205 	 7.490 
 555.395 	 7.491 
 555.580 	 7.495 
 555.770 	 7.490 
 555.955 	 7.490 
 556.145 	 7.495 
 556.335 	 7.495 
 556.520 	 7.490 
 556.710 	 7.490 
 556.895 	 7.494 
 557.085 	 7.491 
 557.275 	 7.495 
 557.460 	 7.495 
 557.650 	 7.495 
 557.835 	 7.491 
 558.025 	 7.495 
 558.215 	 7.485 
 558.400 	 7.485 
 558.590 	 7.495 
 558.775 	 7.491 
 558.965 	 7.490 
 559.155 	 7.490 
 559.340 	 7.500 
 559.530 	 7.497 
 559.715 	 7.499 
 559.905 	 7.500 
 560.095 	 7.496 
 560.280 	 7.495 
 560.470 	 7.495 
 560.655 	 7.499 
 560.845 	 7.495 
 561.035 	 7.500 
 561.220 	 7.496 
 561.410 	 7.500 
 561.595 	 7.495 
 561.785 	 7.500 
 561.975 	 7.500 
 562.160 	 7.496 
 562.350 	 7.500 
 562.535 	 7.499 
 562.725 	 7.495 
 562.915 	 7.495 
 563.100 	 7.495 
 563.290 	 7.499 
 563.475 	 7.495 
 563.665 	 7.505 
 563.855 	 7.500 
 564.040 	 7.500 
 564.230 	 7.491 
 564.415 	 7.495 
 564.605 	 7.491 
 564.795 	 7.481 
 564.980 	 7.485 
 565.170 	 7.485 
 565.355 	 7.486 
 565.545 	 7.499 
 565.735 	 7.497 
 565.920 	 7.509 
 566.110 	 7.504 
 566.295 	 7.496 
 566.485 	 7.495 
 566.675 	 7.495 
 566.860 	 7.490 
 567.050 	 7.486 
 567.235 	 7.485 
 567.425 	 7.481 
 567.615 	 7.485 
 567.800 	 7.485 
 567.990 	 7.484 
 568.175 	 7.475 
 568.365 	 7.471 
 568.555 	 7.485 
 568.740 	 7.476 
 568.930 	 7.475 
 569.115 	 7.471 
 569.305 	 7.472 
 569.495 	 7.480 
 569.680 	 7.485 
 569.870 	 7.481 
 570.055 	 7.480 
 570.245 	 7.480 
 570.435 	 7.480 
 570.620 	 7.481 
 570.810 	 7.485 
 570.995 	 7.485 
 571.185 	 7.481 
 571.375 	 7.490 
 571.560 	 7.490 
 571.750 	 7.490 
 571.935 	 7.490 
 572.125 	 7.491 
 572.315 	 7.495 
 572.500 	 7.486 
 572.690 	 7.490 
 572.875 	 7.490 
 573.065 	 7.490 
 573.255 	 7.486 
 573.440 	 7.480 
 573.630 	 7.480 
 573.815 	 7.480 
 574.005 	 7.476 
 574.195 	 7.480 
 574.380 	 7.471 
 574.570 	 7.470 
 574.755 	 7.466 
 574.945 	 7.471 
 575.135 	 7.471 
 575.320 	 7.480 
 575.510 	 7.475 
 575.695 	 7.471 
 575.885 	 7.476 
 576.075 	 7.476 
 576.260 	 7.485 
 576.450 	 7.485 
 576.635 	 7.485 
 576.825 	 7.485 
 577.015 	 7.485 
 577.200 	 7.490 
 577.390 	 7.490 
 577.575 	 7.481 
 577.765 	 7.485 
 577.955 	 7.484 
 578.140 	 7.481 
 578.330 	 7.480 
 578.515 	 7.480 
 578.705 	 7.476 
 578.895 	 7.476 
 579.080 	 7.472 
 579.270 	 7.480 
 579.455 	 7.476 
 579.645 	 7.476 
 579.835 	 7.476 
 580.020 	 7.476 
 580.210 	 7.480 
 580.395 	 7.480 
 580.585 	 7.480 
 580.775 	 7.480 
 580.960 	 7.480 
 581.150 	 7.477 
 581.335 	 7.480 
 581.525 	 7.476 
 581.715 	 7.480 
 581.900 	 7.471 
 582.090 	 7.476 
 582.275 	 7.467 
 582.465 	 7.471 
 582.655 	 7.463 
 582.840 	 7.451 
 583.030 	 7.460 
 583.215 	 7.456 
 583.405 	 7.451 
 583.595 	 7.451 
 583.780 	 7.452 
 583.970 	 7.456 
 584.155 	 7.452 
 584.345 	 7.460 
 584.535 	 7.457 
 584.720 	 7.460 
 584.910 	 7.456 
 585.095 	 7.451 
 585.285 	 7.446 
 585.475 	 7.451 
 585.660 	 7.451 
 585.850 	 7.451 
 586.035 	 7.451 
 586.225 	 7.451 
 586.415 	 7.451 
 586.600 	 7.451 
 586.790 	 7.447 
 586.975 	 7.441 
 587.165 	 7.437 
 587.355 	 7.441 
 587.540 	 7.436 
 587.730 	 7.432 
 587.915 	 7.432 
 588.105 	 7.432 
 588.295 	 7.432 
 588.480 	 7.432 
 588.670 	 7.436 
 588.855 	 7.432 
 589.045 	 7.427 
 589.235 	 7.427 
 589.420 	 7.427 
 589.610 	 7.427 
 589.795 	 7.422 
 589.985 	 7.427 
 590.175 	 7.426 
 590.360 	 7.422 
 590.550 	 7.421 
 590.735 	 7.417 
 590.925 	 7.421 
 591.115 	 7.419 
 591.300 	 7.427 
 591.490 	 7.427 
 591.675 	 7.427 
 591.865 	 7.427 
 592.055 	 7.427 
 592.240 	 7.417 
 592.430 	 7.417 
 592.615 	 7.417 
 592.805 	 7.417 
 592.995 	 7.417 
 593.180 	 7.418 
 593.370 	 7.422 
 593.555 	 7.421 
 593.745 	 7.418 
 593.935 	 7.417 
 594.120 	 7.421 
 594.310 	 7.417 
 594.495 	 7.421 
 594.685 	 7.417 
 594.875 	 7.414 
 595.060 	 7.421 
 595.250 	 7.416 
 595.435 	 7.413 
 595.625 	 7.416 
 595.815 	 7.407 
 596.000 	 7.408 
 596.190 	 7.417 
 596.375 	 7.417 
 596.565 	 7.418 
 596.755 	 7.422 
 596.940 	 7.421 
 597.130 	 7.417 
 597.315 	 7.422 
 597.505 	 7.423 
 597.695 	 7.425 
 597.880 	 7.420 
 598.070 	 7.413 
 598.255 	 7.418 
 598.445 	 7.422 
 598.635 	 7.422 
 598.820 	 7.422 
 599.010 	 7.421 
 599.195 	 7.417 
 599.385 	 7.416 
 599.575 	 7.413 
 599.760 	 7.416 
 599.950 	 7.412 
 600.135 	 7.412 
 600.325 	 7.412 
 600.515 	 7.412 
 600.700 	 7.412 
 600.890 	 7.408 
 601.075 	 7.412 
 601.265 	 7.408 
 601.455 	 7.411 
 601.640 	 7.405 
 601.830 	 7.411 
 602.015 	 7.407 
 602.205 	 7.408 
 602.395 	 7.417 
 602.580 	 7.416 
 602.770 	 7.411 
 602.955 	 7.407 
 603.145 	 7.407 
 603.335 	 7.407 
 603.520 	 7.404 
 603.710 	 7.406 
 603.895 	 7.404 
 604.085 	 7.410 
 604.275 	 7.414 
 604.460 	 7.409 
 604.650 	 7.418 
 604.835 	 7.421 
 605.025 	 7.417 
 605.215 	 7.416 
 605.400 	 7.412 
 605.590 	 7.407 
 605.775 	 7.407 
 605.965 	 7.403 
 606.155 	 7.407 
 606.340 	 7.408 
 606.530 	 7.412 
 606.715 	 7.410 
 606.905 	 7.406 
 607.095 	 7.402 
 607.280 	 7.397 
 607.470 	 7.393 
 607.655 	 7.393 
 607.845 	 7.397 
 608.035 	 7.396 
 608.220 	 7.387 
 608.410 	 7.386 
 608.595 	 7.397 
 608.785 	 7.394 
 608.975 	 7.397 
 609.160 	 7.397 
 609.350 	 7.398 
 609.535 	 7.402 
 609.725 	 7.402 
 609.915 	 7.397 
 610.100 	 7.399 
 610.290 	 7.406 
 610.475 	 7.411 
 610.665 	 7.408 
 610.855 	 7.412 
 611.040 	 7.408 
 611.230 	 7.412 
 611.415 	 7.412 
 611.605 	 7.413 
 611.795 	 7.417 
 611.980 	 7.417 
 612.170 	 7.417 
 612.355 	 7.418 
 612.545 	 7.420 
 612.735 	 7.412 
 612.920 	 7.413 
 613.110 	 7.417 
 613.295 	 7.418 
 613.485 	 7.422 
 613.675 	 7.420 
 613.860 	 7.418 
 614.050 	 7.421 
 614.235 	 7.417 
 614.425 	 7.418 
 614.615 	 7.424 
 614.800 	 7.427 
 614.990 	 7.428 
 615.175 	 7.437 
 615.365 	 7.437 
 615.555 	 7.437 
 615.740 	 7.436 
 615.930 	 7.432 
 616.115 	 7.432 
 616.305 	 7.435 
 616.495 	 7.433 
 616.680 	 7.437 
 616.870 	 7.437 
 617.055 	 7.437 
 617.245 	 7.437 
 617.435 	 7.437 
 617.620 	 7.441 
 617.810 	 7.441 
 617.995 	 7.440 
 618.185 	 7.437 
 618.375 	 7.440 
 618.560 	 7.445 
 618.750 	 7.442 
 618.935 	 7.445 
 619.125 	 7.442 
 619.315 	 7.446 
 619.500 	 7.447 
 619.690 	 7.450 
 619.875 	 7.446 
 620.065 	 7.445 
 620.255 	 7.442 
 620.440 	 7.448 
 620.630 	 7.451 
 620.815 	 7.450 
 621.005 	 7.447 
 621.195 	 7.451 
 621.380 	 7.451 
 621.570 	 7.451 
 621.755 	 7.452 
 621.945 	 7.453 
 622.135 	 7.446 
 622.320 	 7.448 
 622.510 	 7.450 
 622.695 	 7.445 
 622.885 	 7.442 
 623.075 	 7.446 
 623.260 	 7.446 
 623.450 	 7.448 
 623.635 	 7.450 
 623.825 	 7.448 
 624.015 	 7.452 
 624.200 	 7.455 
 624.390 	 7.451 
 624.575 	 7.450 
 624.765 	 7.447 
 624.955 	 7.451 
 625.140 	 7.450 
 625.330 	 7.448 
 625.515 	 7.451 
 625.705 	 7.451 
 625.895 	 7.451 
 626.080 	 7.451 
 626.270 	 7.452 
 626.455 	 7.453 
 626.645 	 7.447 
 626.835 	 7.452 
 627.020 	 7.454 
 627.210 	 7.453 
 627.395 	 7.456 
 627.585 	 7.455 
 627.775 	 7.452 
 627.960 	 7.456 
 628.150 	 7.455 
 628.335 	 7.450 
 628.525 	 7.449 
 628.715 	 7.456 
 628.900 	 7.456 
 629.090 	 7.456 
 629.275 	 7.455 
 629.465 	 7.453 
 629.655 	 7.456 
 629.840 	 7.456 
 630.030 	 7.457 
 630.215 	 7.461 
 630.405 	 7.460 
 630.595 	 7.457 
 630.780 	 7.462 
 630.970 	 7.460 
 631.155 	 7.453 
 631.345 	 7.457 
 631.535 	 7.461 
 631.720 	 7.460 
 631.910 	 7.457 
 632.095 	 7.461 
 632.285 	 7.462 
 632.475 	 7.466 
 632.660 	 7.464 
 632.850 	 7.460 
 633.035 	 7.457 
 633.225 	 7.462 
 633.415 	 7.464 
 633.600 	 7.463 
 633.790 	 7.471 
 633.975 	 7.471 
 634.165 	 7.471 
 634.355 	 7.469 
 634.540 	 7.468 
 634.730 	 7.471 
 634.915 	 7.471 
 635.105 	 7.470 
 635.295 	 7.467 
 635.480 	 7.472 
 635.670 	 7.476 
 635.855 	 7.476 
 636.045 	 7.477 
 636.235 	 7.479 
 636.420 	 7.474 
 636.610 	 7.473 
 636.795 	 7.478 
 636.985 	 7.480 
 637.175 	 7.479 
 637.360 	 7.477 
 637.550 	 7.480 
 637.735 	 7.480 
 637.925 	 7.478 
 638.115 	 7.475 
 638.300 	 7.484 
 638.490 	 7.482 
 638.675 	 7.485 
 638.865 	 7.485 
 639.055 	 7.485 
 639.240 	 7.483 
 639.430 	 7.477 
 639.615 	 7.480 
 639.805 	 7.479 
 639.995 	 7.476 
 640.180 	 7.477 
 640.370 	 7.479 
 640.555 	 7.477 
 640.745 	 7.478 
 640.935 	 7.473 
 641.120 	 7.476 
 641.310 	 7.476 
 641.495 	 7.474 
 641.685 	 7.473 
 641.875 	 7.476 
 642.060 	 7.476 
 642.250 	 7.476 
 642.435 	 7.476 
 642.625 	 7.476 
 642.815 	 7.476 
 643.000 	 7.476 
 643.190 	 7.474 
 643.375 	 7.474 
 643.565 	 7.478 
 643.755 	 7.474 
 643.940 	 7.473 
 644.130 	 7.473 
 644.315 	 7.470 
 644.505 	 7.476 
 644.695 	 7.476 
 644.880 	 7.476 
 645.070 	 7.474 
 645.255 	 7.475 
 645.445 	 7.480 
 645.635 	 7.480 
 645.820 	 7.480 
 646.010 	 7.480 
 646.195 	 7.482 
 646.385 	 7.481 
 646.575 	 7.478 
 646.760 	 7.480 
 646.950 	 7.482 
 647.135 	 7.484 
 647.325 	 7.483 
 647.515 	 7.488 
 647.700 	 7.487 
 647.890 	 7.488 
 648.075 	 7.484 
 648.265 	 7.482 
 648.455 	 7.485 
 648.640 	 7.484 
 648.830 	 7.480 
 649.015 	 7.480 
 649.205 	 7.480 
 649.395 	 7.482 
 649.580 	 7.484 
 649.770 	 7.482 
 649.955 	 7.485 
 650.145 	 7.484 
 650.335 	 7.479 
 650.520 	 7.477 
 650.710 	 7.482 
 650.895 	 7.484 
 651.085 	 7.479 
 651.275 	 7.476 
 651.460 	 7.476 
 651.650 	 7.476 
 651.835 	 7.476 
 652.025 	 7.477 
 652.215 	 7.479 
 652.400 	 7.477 
 652.590 	 7.480 
 652.775 	 7.480 
 652.965 	 7.479 
 653.155 	 7.479 
 653.340 	 7.483 
 653.530 	 7.479 
 653.715 	 7.476 
 653.905 	 7.476 
 654.095 	 7.477 
 654.280 	 7.479 
 654.470 	 7.477 
 654.655 	 7.480 
 654.845 	 7.480 
 655.035 	 7.480 
 655.220 	 7.480 
 655.410 	 7.479 
 655.595 	 7.477 
 655.785 	 7.476 
 655.975 	 7.469 
 656.160 	 7.468 
 656.350 	 7.473 
 656.535 	 7.477 
 656.725 	 7.483 
 656.915 	 7.487 
 657.100 	 7.490 
 657.290 	 7.490 
 657.475 	 7.486 
 657.665 	 7.483 
 657.855 	 7.485 
 658.040 	 7.490 
 658.230 	 7.499 
 658.415 	 7.505 
 658.605 	 7.503 
 658.795 	 7.498 
 658.980 	 7.495 
 659.170 	 7.495 
 659.355 	 7.494 
 659.545 	 7.489 
 659.735 	 7.483 
 659.920 	 7.480 
 660.110 	 7.480 
 660.295 	 7.478 
 660.485 	 7.478 
 660.675 	 7.478 
 660.860 	 7.478 
 661.050 	 7.478 
 661.235 	 7.476 
 661.425 	 7.480 
 661.615 	 7.485 
 661.800 	 7.485 
 661.990 	 7.488 
 662.175 	 7.487 
 662.365 	 7.485 
 662.555 	 7.488 
 662.740 	 7.490 
 662.930 	 7.489 
 663.115 	 7.483 
 663.305 	 7.483 
 663.495 	 7.485 
 663.680 	 7.487 
 663.870 	 7.490 
 664.055 	 7.488 
 664.245 	 7.485 
 664.435 	 7.479 
 664.620 	 7.477 
 664.810 	 7.481 
 664.995 	 7.478 
 665.185 	 7.482 
 665.375 	 7.485 
 665.560 	 7.485 
 665.750 	 7.485 
 665.935 	 7.483 
 666.125 	 7.479 
 666.315 	 7.478 
 666.500 	 7.478 
 666.690 	 7.476 
 666.875 	 7.476 
 667.065 	 7.476 
 667.255 	 7.470 
 667.440 	 7.459 
 667.630 	 7.450 
 667.815 	 7.435 
 668.005 	 7.421 
 668.195 	 7.410 
 668.380 	 7.404 
 668.570 	 7.395 
 668.755 	 7.393 
 668.945 	 7.389 
 669.135 	 7.385 
 669.320 	 7.390 
 669.510 	 7.397 
 669.695 	 7.400 
 669.885 	 7.397 
 670.075 	 7.403 
 670.260 	 7.410 
 670.450 	 7.411 
 670.635 	 7.417 
 670.825 	 7.421 
 671.015 	 7.429 
 671.200 	 7.434 
 671.390 	 7.437 
 671.575 	 7.440 
 671.765 	 7.448 
 671.955 	 7.451 
 672.140 	 7.453 
 672.330 	 7.458 
 672.515 	 7.463 
 672.705 	 7.466 
 672.895 	 7.464 
 673.080 	 7.459 
 673.270 	 7.463 
 673.455 	 7.475 
 673.645 	 7.480 
 673.835 	 7.483 
 674.020 	 7.485 
 674.210 	 7.485 
 674.395 	 7.485 
 674.585 	 7.488 
 674.775 	 7.492 
 674.960 	 7.497 
 675.150 	 7.500 
 675.335 	 7.498 
 675.525 	 7.498 
 675.715 	 7.497 
 675.900 	 7.500 
 676.090 	 7.503 
 676.275 	 7.502 
 676.465 	 7.507 
 676.655 	 7.508 
 676.840 	 7.505 
 677.030 	 7.507 
 677.215 	 7.506 
 677.405 	 7.498 
 677.595 	 7.497 
 677.780 	 7.500 
 677.970 	 7.498 
 678.155 	 7.493 
 678.345 	 7.490 
 678.535 	 7.493 
 678.720 	 7.486 
 678.910 	 7.478 
 679.095 	 7.480 
 679.285 	 7.480 
 679.475 	 7.478 
 679.660 	 7.471 
 679.850 	 7.468 
 680.035 	 7.471 
 680.225 	 7.466 
 680.415 	 7.461 
 680.600 	 7.461 
 680.790 	 7.459 
 680.975 	 7.454 
 681.165 	 7.449 
 681.355 	 7.446 
 681.540 	 7.449 
 681.730 	 7.451 
 681.915 	 7.451 
 682.105 	 7.444 
 682.295 	 7.434 
 682.480 	 7.434 
 682.670 	 7.431 
 682.855 	 7.427 
 683.045 	 7.427 
 683.235 	 7.424 
 683.420 	 7.422 
 683.610 	 7.419 
 683.795 	 7.417 
 683.985 	 7.417 
 684.175 	 7.412 
 684.360 	 7.405 
 684.550 	 7.400 
 684.735 	 7.392 
 684.925 	 7.383 
 685.115 	 7.376 
 685.300 	 7.376 
 685.490 	 7.369 
 685.675 	 7.366 
 685.865 	 7.361 
 686.055 	 7.351 
 686.240 	 7.346 
 686.430 	 7.339 
 686.615 	 7.334 
 686.805 	 7.331 
 686.995 	 7.329 
 687.180 	 7.327 
 687.370 	 7.321 
 687.555 	 7.317 
 687.745 	 7.312 
 687.935 	 7.310 
 688.120 	 7.307 
 688.310 	 7.305 
 688.495 	 7.305 
 688.685 	 7.305 
 688.875 	 7.303 
 689.060 	 7.297 
 689.250 	 7.287 
 689.435 	 7.280 
 689.625 	 7.280 
 689.815 	 7.280 
 690.000 	 7.280 
 690.190 	 7.283 
 690.375 	 7.282 
 690.565 	 7.278 
 690.755 	 7.275 
 690.940 	 7.280 
 691.130 	 7.289 
 691.315 	 7.295 
 691.505 	 7.291 
 691.695 	 7.282 
 691.880 	 7.283 
 692.070 	 7.285 
 692.255 	 7.283 
 692.445 	 7.280 
 692.635 	 7.275 
 692.820 	 7.266 
 693.010 	 7.256 
 693.195 	 7.244 
 693.385 	 7.234 
 693.575 	 7.229 
 693.760 	 7.227 
 693.950 	 7.223 
 694.135 	 7.215 
 694.325 	 7.209 
 694.515 	 7.199 
 694.700 	 7.187 
 694.890 	 7.183 
 695.075 	 7.180 
 695.265 	 7.171 
 695.455 	 7.161 
 695.640 	 7.155 
 695.830 	 7.151 
 696.015 	 7.144 
 696.205 	 7.139 
 696.395 	 7.139 
 696.580 	 7.136 
 696.770 	 7.131 
 696.955 	 7.126 
 697.145 	 7.118 
 697.335 	 7.108 
 697.520 	 7.099 
 697.710 	 7.095 
 697.895 	 7.097 
 698.085 	 7.097 
 698.275 	 7.098 
 698.460 	 7.096 
 698.650 	 7.095 
 698.835 	 7.095 
 699.025 	 7.097 
 699.215 	 7.097 
 699.400 	 7.097 
 699.590 	 7.092 
 699.775 	 7.090 
 699.965 	 7.095 
 700.155 	 7.092 
 700.340 	 7.090 
 700.530 	 7.093 
 700.715 	 7.092 
 700.905 	 7.087 
 701.095 	 7.088 
 701.280 	 7.093 
 701.470 	 7.092 
 701.655 	 7.096 
 701.845 	 7.100 
 702.035 	 7.102 
 702.220 	 7.111 
 702.410 	 7.129 
 702.595 	 7.149 
 702.785 	 7.166 
 702.975 	 7.173 
 703.160 	 7.179 
 703.350 	 7.186 
 703.535 	 7.197 
 703.725 	 7.209 
 703.915 	 7.219 
 704.100 	 7.242 
 704.290 	 7.259 
 704.475 	 7.290 
 704.665 	 7.312 
 704.855 	 7.318 
 705.040 	 7.328 
 705.230 	 7.337 
 705.415 	 7.344 
 705.605 	 7.358 
 705.795 	 7.369 
 705.980 	 7.373 
 706.170 	 7.376 
 706.355 	 7.372 
 706.545 	 7.377 
 706.735 	 7.383 
 706.920 	 7.386 
 707.110 	 7.381 
 707.295 	 7.372 
 707.485 	 7.365 
 707.675 	 7.366 
 707.860 	 7.359 
 708.050 	 7.356 
 708.235 	 7.340 
 708.425 	 7.335 
 708.615 	 7.336 
 708.800 	 7.334 
 708.990 	 7.343 
 709.175 	 7.357 
 709.365 	 7.369 
 709.555 	 7.376 
 709.740 	 7.387 
 709.930 	 7.395 
 710.115 	 7.391 
 710.305 	 7.393 
 710.495 	 7.397 
 710.680 	 7.397 
 710.870 	 7.400 
 711.055 	 7.402 
 711.245 	 7.402 
 711.435 	 7.405 
 711.620 	 7.405 
 711.810 	 7.405 
 711.995 	 7.405 
 712.185 	 7.405 
 712.375 	 7.405 
 712.560 	 7.402 
 712.750 	 7.405 
 712.935 	 7.410 
 713.125 	 7.409 
 713.315 	 7.402 
 713.500 	 7.405 
 713.690 	 7.410 
 713.875 	 7.410 
 714.065 	 7.412 
 714.255 	 7.412 
 714.440 	 7.410 
 714.630 	 7.410 
 714.815 	 7.412 
 715.005 	 7.416 
 715.195 	 7.417 
 715.380 	 7.414 
 715.570 	 7.415 
 715.755 	 7.417 
 715.945 	 7.417 
 716.135 	 7.420 
 716.320 	 7.416 
 716.510 	 7.412 
 716.695 	 7.415 
 716.885 	 7.414 
 717.075 	 7.418 
 717.260 	 7.422 
 717.450 	 7.425 
 717.635 	 7.424 
 717.825 	 7.422 
 718.015 	 7.422 
 718.200 	 7.425 
 718.390 	 7.429 
 718.575 	 7.432 
 718.765 	 7.428 
 718.955 	 7.433 
 719.140 	 7.446 
 719.330 	 7.457 
 719.515 	 7.471 
 719.705 	 7.484 
 719.895 	 7.481 
 720.080 	 7.470 
 720.270 	 7.461 
 720.455 	 7.396 
 720.645 	 7.383 
 720.835 	 7.388 
 721.020 	 7.397 
 721.210 	 7.412 
 721.395 	 7.416 
 721.585 	 7.426 
 721.775 	 7.432 
 721.960 	 7.437 
 722.150 	 7.435 
 722.335 	 7.432 
 722.525 	 7.435 
 722.715 	 7.429 
 722.900 	 7.435 
 723.090 	 7.437 
 723.275 	 7.443 
 723.465 	 7.443 
 723.655 	 7.441 
 723.840 	 7.441 
 724.030 	 7.441 
 724.215 	 7.441 
 724.405 	 7.438 
 724.595 	 7.440 
 724.780 	 7.444 
 724.970 	 7.450 
 725.155 	 7.448 
 725.345 	 7.450 
 725.535 	 7.448 
 725.720 	 7.443 
 725.910 	 7.448 
 726.095 	 7.447 
 726.285 	 7.446 
 726.475 	 7.443 
 726.660 	 7.445 
 726.850 	 7.449 
 727.035 	 7.451 
 727.225 	 7.451 
 727.415 	 7.454 
 727.600 	 7.456 
 727.790 	 7.453 
 727.975 	 7.454 
 728.165 	 7.456 
 728.355 	 7.456 
 728.540 	 7.456 
 728.730 	 7.456 
 728.915 	 7.456 
 729.105 	 7.460 
 729.295 	 7.455 
 729.480 	 7.458 
 729.670 	 7.461 
 729.855 	 7.458 
 730.045 	 7.459 
 730.235 	 7.457 
 730.420 	 7.459 
 730.610 	 7.461 
 730.795 	 7.457 
 730.985 	 7.456 
 731.175 	 7.449 
 731.360 	 7.438 
 731.550 	 7.413 
 731.735 	 7.385 
 731.925 	 7.336 
 732.115 	 7.310 
 732.300 	 7.308 
 732.490 	 7.339 
 732.675 	 7.377 
 732.865 	 7.407 
 733.055 	 7.431 
 733.240 	 7.443 
 733.430 	 7.453 
 733.615 	 7.462 
 733.805 	 7.469 
 733.995 	 7.471 
 734.180 	 7.468 
 734.370 	 7.473 
 734.555 	 7.472 
 734.745 	 7.474 
 734.935 	 7.478 
 735.120 	 7.480 
 735.310 	 7.480 
 735.495 	 7.477 
 735.685 	 7.478 
 735.875 	 7.477 
 736.060 	 7.479 
 736.250 	 7.480 
 736.435 	 7.484 
 736.625 	 7.481 
 736.815 	 7.484 
 737.000 	 7.481 
 737.190 	 7.480 
 737.375 	 7.484 
 737.565 	 7.489 
 737.755 	 7.487 
 737.940 	 7.489 
 738.130 	 7.487 
 738.315 	 7.485 
 738.505 	 7.485 
 738.695 	 7.485 
 738.880 	 7.489 
 739.070 	 7.486 
 739.255 	 7.485 
 739.445 	 7.492 
 739.635 	 7.495 
 739.820 	 7.492 
 740.010 	 7.490 
 740.195 	 7.490 
 740.385 	 7.490 
 740.575 	 7.497 
 740.760 	 7.497 
 740.950 	 7.498 
 741.135 	 7.497 
 741.325 	 7.498 
 741.515 	 7.504 
 741.700 	 7.502 
 741.890 	 7.500 
 742.075 	 7.503 
 742.265 	 7.509 
 742.455 	 7.510 
 742.640 	 7.517 
 742.830 	 7.530 
 743.015 	 7.546 
 743.205 	 7.564 
 743.395 	 7.590 
 743.580 	 7.620 
 743.770 	 7.637 
 743.955 	 7.635 
 744.145 	 7.593 
 744.335 	 7.544 
 744.520 	 7.518 
 744.710 	 7.495 
 744.895 	 7.491 
 745.085 	 7.492 
 745.275 	 7.490 
 745.460 	 7.499 
 745.650 	 7.504 
 745.835 	 7.505 
 746.025 	 7.505 
 746.215 	 7.508 
 746.400 	 7.514 
 746.590 	 7.515 
 746.775 	 7.511 
 746.965 	 7.513 
 747.155 	 7.519 
 747.340 	 7.520 
 747.530 	 7.511 
 747.715 	 7.510 
 747.905 	 7.514 
 748.095 	 7.518 
 748.280 	 7.520 
 748.470 	 7.520 
 748.655 	 7.516 
 748.845 	 7.518 
 749.035 	 7.520 
 749.220 	 7.516 
 749.410 	 7.519 
 749.595 	 7.520 
 749.785 	 7.523 
 749.975 	 7.521 
 750.160 	 7.528 
 750.350 	 7.523 
 750.535 	 7.520 
 750.725 	 7.523 
 750.915 	 7.524 
 751.100 	 7.524 
 751.290 	 7.529 
 751.475 	 7.529 
 751.665 	 7.526 
 751.855 	 7.529 
 752.040 	 7.533 
 752.230 	 7.530 
 752.415 	 7.533 
 752.605 	 7.530 
 752.795 	 7.533 
 752.980 	 7.534 
 753.170 	 7.530 
 753.355 	 7.534 
 753.545 	 7.530 
 753.735 	 7.537 
 753.920 	 7.534 
 754.110 	 7.538 
 754.295 	 7.543 
 754.485 	 7.547 
 754.675 	 7.553 
 754.860 	 7.557 
 755.050 	 7.582 
 755.235 	 7.598 
 755.425 	 7.610 
 755.615 	 7.609 
 755.800 	 7.588 
 755.990 	 7.563 
 756.175 	 7.563 
 756.365 	 7.559 
 756.555 	 7.555 
 756.740 	 7.545 
 756.930 	 7.541 
 757.115 	 7.517 
 757.305 	 7.495 
 757.495 	 7.466 
 757.680 	 7.436 
 757.870 	 7.425 
 758.055 	 7.402 
 758.245 	 7.380 
 758.435 	 7.354 
 758.620 	 7.328 
 758.810 	 7.300 
 758.995 	 7.299 
 759.185 	 7.286 
 759.375 	 7.285 
 759.560 	 7.292 
 759.750 	 7.299 
 759.935 	 7.303 
 760.125 	 7.305 
 760.315 	 7.305 
 760.500 	 7.301 
 760.690 	 7.300 
 760.875 	 7.296 
 761.065 	 7.295 
 761.255 	 7.295 
 761.440 	 7.295 
 761.630 	 7.299 
 761.815 	 7.300 
 762.005 	 7.295 
 762.195 	 7.291 
 762.380 	 7.299 
 762.570 	 7.300 
 762.755 	 7.300 
 762.945 	 7.300 
 763.135 	 7.295 
 763.320 	 7.302 
 763.510 	 7.305 
 763.695 	 7.305 
 763.885 	 7.300 
 764.075 	 7.303 
 764.260 	 7.300 
 764.450 	 7.300 
 764.635 	 7.300 
 764.825 	 7.296 
 765.015 	 7.295 
 765.200 	 7.291 
 765.390 	 7.298 
 765.575 	 7.296 
 765.765 	 7.295 
 765.955 	 7.291 
 766.140 	 7.294 
 766.330 	 7.295 
 766.515 	 7.304 
 766.705 	 7.301 
 766.895 	 7.300 
 767.080 	 7.300 
 767.270 	 7.300 
 767.455 	 7.296 
 767.645 	 7.300 
 767.835 	 7.300 
 768.020 	 7.300 
 768.210 	 7.300 
 768.395 	 7.296 
 768.585 	 7.299 
 768.775 	 7.300 
 768.960 	 7.295 
 769.150 	 7.295 
 769.335 	 7.295 
 769.525 	 7.295 
 769.715 	 7.295 
 769.900 	 7.295 
 770.090 	 7.295 
 770.275 	 7.295 
 770.465 	 7.295 
 770.655 	 7.290 
 770.840 	 7.294 
 771.030 	 7.299 
 771.215 	 7.296 
 771.405 	 7.291 
 771.595 	 7.290 
 771.780 	 7.294 
 771.970 	 7.291 
 772.155 	 7.300 
 772.345 	 7.300 
 772.535 	 7.292 
 772.720 	 7.285 
 772.910 	 7.289 
 773.095 	 7.294 
 773.285 	 7.295 
 773.475 	 7.300 
 773.660 	 7.300 
 773.850 	 7.295 
 774.035 	 7.295 
 774.225 	 7.299 
 774.415 	 7.296 
 774.600 	 7.290 
 774.790 	 7.294 
 774.975 	 7.295 
 775.165 	 7.295 
 775.355 	 7.295 
 775.540 	 7.299 
 775.730 	 7.300 
 775.915 	 7.300 
 776.105 	 7.300 
 776.295 	 7.296 
 776.480 	 7.299 
 776.670 	 7.300 
 776.855 	 7.296 
 777.045 	 7.299 
 777.235 	 7.300 
 777.420 	 7.300 
 777.610 	 7.300 
 777.795 	 7.304 
 777.985 	 7.301 
 778.175 	 7.291 
 778.360 	 7.295 
 778.550 	 7.295 
 778.735 	 7.298 
 778.925 	 7.296 
 779.115 	 7.292 
 779.300 	 7.295 
 779.490 	 7.295 
 779.675 	 7.297 
 779.865 	 7.297 
 780.055 	 7.295 
 780.240 	 7.295 
 780.430 	 7.295 
 780.615 	 7.295 
 780.805 	 7.295 
 780.995 	 7.295 
 781.180 	 7.295 
 781.370 	 7.295 
 781.555 	 7.295 
 781.745 	 7.295 
 781.935 	 7.295 
 782.120 	 7.292 
 782.310 	 7.295 
 782.495 	 7.297 
 782.685 	 7.295 
 782.875 	 7.291 
 783.060 	 7.295 
 783.250 	 7.291 
 783.435 	 7.295 
 783.625 	 7.295 
 783.815 	 7.295 
 784.000 	 7.292 
 784.190 	 7.290 
 784.375 	 7.290 
 784.565 	 7.285 
 784.755 	 7.287 
 784.940 	 7.294 
 785.130 	 7.295 
 785.315 	 7.295 
 785.505 	 7.295 
 785.695 	 7.295 
 785.880 	 7.295 
 786.070 	 7.292 
 786.255 	 7.295 
 786.445 	 7.295 
 786.635 	 7.295 
 786.820 	 7.295 
 787.010 	 7.294 
 787.195 	 7.293 
 787.385 	 7.295 
 787.575 	 7.295 
 787.760 	 7.298 
 787.950 	 7.295 
 788.135 	 7.290 
 788.325 	 7.295 
 788.515 	 7.295 
 788.700 	 7.295 
 788.890 	 7.292 
 789.075 	 7.295 
 789.265 	 7.295 
 789.455 	 7.295 
 789.640 	 7.295 
 789.830 	 7.295 
 790.015 	 7.295 
 790.205 	 7.295 
 790.395 	 7.300 
 790.580 	 7.299 
 790.770 	 7.296 
 790.955 	 7.295 
 791.145 	 7.295 
 791.335 	 7.291 
