Y:\IMPROVED DATABASE\BOSCORF PROJECTS DATA\Soutter_E_(2022)_JC36\ITRAX\JC36\JC36_74_3\JC36_74_3REP2\XRF data     10/02/2022  re-evaluated data
peakarea
filename	position (mm)	sample surface	validity	E-gain	E-offset	F-slope	F-offset	cps	MSE	Al	Si	P	S	Cl	Ar	K	Ca	Ti	V	Cr	Mn	Fe	Co	Ni	Cu	Zn	Ga	As	Br	Rb	Sr	Y	Zr	Sb	Ba	Ce	Sm	Ta	W	Pb	Fe a*2	Fe a+b	S1	S2	S3	Mo inc	Mo coh	Dt	
Y:\IMPROVED DATABASE\BOSCORF PROJECTS DATA\Soutter_E_(2022)_JC36\ITRAX\JC36\JC36_74_3\JC36_74_3REP2\XRF data\L000000.spe	100.00	7.73	1	0.010270	-0.010164	0.009073	0.081458	82660	1.88	126	1846	0	189	4233	1336	6547	132926	2700	187	927	1033	64930	0	778	152	228	77	0	1228	1136	10219	0	2011	676	27	136	327	1818	4622	312	122	286	819	176	956	87774	25834	0.172	
Y:\IMPROVED DATABASE\BOSCORF PROJECTS DATA\Soutter_E_(2022)_JC36\ITRAX\JC36\JC36_74_3\JC36_74_3REP2\XRF data\L000001.spe	102.00	7.73	1	0.010270	-0.010164	0.009073	0.081458	76057	1.90	41	1525	0	118	3575	1277	6329	116036	2648	202	908	728	54088	136	708	156	318	202	0	956	1563	9504	0	1495	536	138	91	302	1353	4600	249	60	207	513	210	58	83072	25250	0.169	
Y:\IMPROVED DATABASE\BOSCORF PROJECTS DATA\Soutter_E_(2022)_JC36\ITRAX\JC36\JC36_74_3\JC36_74_3REP2\XRF data\L000002.spe	104.00	7.74	1	0.010270	-0.010164	0.009073	0.081458	77932	1.61	65	1307	0	147	4412	1204	5247	108714	2899	120	939	942	54496	0	837	211	349	249	0	955	1407	10535	0	1703	533	63	132	260	1661	4253	440	0	41	519	273	502	87216	24753	0.173	
Y:\IMPROVED DATABASE\BOSCORF PROJECTS DATA\Soutter_E_(2022)_JC36\ITRAX\JC36\JC36_74_3\JC36_74_3REP2\XRF data\L000003.spe	106.00	7.76	1	0.010270	-0.010164	0.009073	0.081458	82776	1.97	64	1321	0	159	4575	1264	5957	116615	2835	142	965	889	63255	0	775	222	451	433	0	1234	1435	11260	50	2561	622	140	138	340	1439	4885	360	324	343	848	218	1089	90020	26655	0.176	
Y:\IMPROVED DATABASE\BOSCORF PROJECTS DATA\Soutter_E_(2022)_JC36\ITRAX\JC36\JC36_74_3\JC36_74_3REP2\XRF data\L000004.spe	108.00	7.73	1	0.010270	-0.010164	0.009073	0.081458	78647	1.80	76	1185	0	170	4319	1054	5550	107068	3311	135	1020	918	62758	0	662	175	398	92	0	1300	1119	10466	118	1957	493	102	89	236	1721	4354	163	196	416	632	251	507	85726	24816	0.172	
Y:\IMPROVED DATABASE\BOSCORF PROJECTS DATA\Soutter_E_(2022)_JC36\ITRAX\JC36\JC36_74_3\JC36_74_3REP2\XRF data\L000005.spe	110.00	7.74	1	0.010270	-0.010164	0.009073	0.081458	82551	1.72	88	1094	0	194	4920	1130	6134	112447	3886	168	850	1050	72704	131	663	204	362	7	0	1279	1098	10903	199	1729	499	0	196	197	1685	4254	253	256	843	644	216	321	88257	25651	0.174	
Y:\IMPROVED DATABASE\BOSCORF PROJECTS DATA\Soutter_E_(2022)_JC36\ITRAX\JC36\JC36_74_3\JC36_74_3REP2\XRF data\L000006.spe	112.00	7.77	1	0.010270	-0.010164	0.009073	0.081458	84591	1.83	82	1059	0	169	5275	1258	6323	119570	3196	158	992	1085	75720	337	716	358	383	122	0	1179	1530	11026	181	2337	620	62	145	279	1665	4813	302	130	110	613	318	37	88112	26013	0.174	
Y:\IMPROVED DATABASE\BOSCORF PROJECTS DATA\Soutter_E_(2022)_JC36\ITRAX\JC36\JC36_74_3\JC36_74_3REP2\XRF data\L000007.spe	114.00	7.78	1	0.010270	-0.010164	0.009073	0.081458	83895	1.84	109	996	0	146	5195	1255	6253	120014	3458	106	808	1035	70942	0	679	214	333	258	0	1216	1403	10757	80	1819	495	15	184	311	1631	4725	255	204	247	1037	300	871	89038	25697	0.174	
Y:\IMPROVED DATABASE\BOSCORF PROJECTS DATA\Soutter_E_(2022)_JC36\ITRAX\JC36\JC36_74_3\JC36_74_3REP2\XRF data\L000008.spe	116.00	7.78	1	0.010270	-0.010164	0.009073	0.081458	81088	1.68	42	977	0	179	5696	1366	5296	100512	2856	157	1191	869	57093	0	655	208	337	0	0	1093	1382	10273	163	2265	549	61	184	290	1799	4971	373	246	169	573	277	304	92001	24570	0.177	
Y:\IMPROVED DATABASE\BOSCORF PROJECTS DATA\Soutter_E_(2022)_JC36\ITRAX\JC36\JC36_74_3\JC36_74_3REP2\XRF data\L000009.spe	118.00	7.76	1	0.010270	-0.010164	0.009073	0.081458	81410	1.69	57	1232	0	133	5075	1310	5278	111664	2375	183	962	919	61162	0	730	223	244	261	0	1347	1342	10270	0	1704	504	35	179	228	1649	4758	210	215	185	645	272	516	88895	25361	0.175	
Y:\IMPROVED DATABASE\BOSCORF PROJECTS DATA\Soutter_E_(2022)_JC36\ITRAX\JC36\JC36_74_3\JC36_74_3REP2\XRF data\L000010.spe	120.00	7.75	1	0.010270	-0.010164	0.009073	0.081458	86191	2.04	67	1301	0	162	4296	1318	7359	129391	4351	151	991	1102	85375	0	720	367	549	141	0	1464	1462	11670	156	1685	676	26	146	252	1570	4707	364	237	175	891	394	688	88102	25267	0.172	
Y:\IMPROVED DATABASE\BOSCORF PROJECTS DATA\Soutter_E_(2022)_JC36\ITRAX\JC36\JC36_74_3\JC36_74_3REP2\XRF data\L000011.spe	122.00	7.76	1	0.010270	-0.010164	0.009073	0.081458	86407	1.87	104	1105	0	188	4403	1352	6848	141548	4222	131	982	1062	79579	0	758	280	410	22	0	1322	1316	11829	322	2564	673	94	154	287	1639	4078	110	405	653	969	300	782	89299	26735	0.173	
Y:\IMPROVED DATABASE\BOSCORF PROJECTS DATA\Soutter_E_(2022)_JC36\ITRAX\JC36\JC36_74_3\JC36_74_3REP2\XRF data\L000012.spe	124.00	7.75	1	0.010270	-0.010164	0.009073	0.081458	84056	1.91	90	1171	0	173	5213	1414	5898	111029	3302	93	1003	951	71028	0	943	218	319	230	0	1234	1495	11370	80	2505	563	129	134	282	1670	4276	138	340	360	1164	176	1037	91499	27232	0.176	
Y:\IMPROVED DATABASE\BOSCORF PROJECTS DATA\Soutter_E_(2022)_JC36\ITRAX\JC36\JC36_74_3\JC36_74_3REP2\XRF data\L000013.spe	126.00	7.71	1	0.010270	-0.010164	0.009073	0.081458	90645	1.98	128	1527	0	124	4814	1293	7679	146122	4388	127	1197	1239	85946	0	782	134	435	261	0	1296	1665	11600	156	2745	657	0	171	344	1708	4616	191	421	215	1066	411	1236	92206	28206	0.177	
Y:\IMPROVED DATABASE\BOSCORF PROJECTS DATA\Soutter_E_(2022)_JC36\ITRAX\JC36\JC36_74_3\JC36_74_3REP2\XRF data\L000014.spe	128.00	7.67	1	0.010270	-0.010164	0.009073	0.081458	93400	1.87	89	1259	0	184	5093	1320	7001	162270	5051	122	1046	1411	88321	211	861	211	472	198	0	1536	1488	13044	159	2787	773	0	198	295	1605	4601	216	455	461	634	391	468	93200	29433	0.177	
Y:\IMPROVED DATABASE\BOSCORF PROJECTS DATA\Soutter_E_(2022)_JC36\ITRAX\JC36\JC36_74_3\JC36_74_3REP2\XRF data\L000015.spe	130.00	7.62	1	0.010270	-0.010164	0.009073	0.081458	93045	2.01	99	1609	0	159	4695	1361	7561	164262	4487	163	1003	1181	87465	0	685	136	409	213	0	1497	1353	13209	291	3014	794	116	168	345	1639	4466	324	357	492	966	338	874	93673	28820	0.177	
Y:\IMPROVED DATABASE\BOSCORF PROJECTS DATA\Soutter_E_(2022)_JC36\ITRAX\JC36\JC36_74_3\JC36_74_3REP2\XRF data\L000016.spe	132.00	7.60	1	0.010270	-0.010164	0.009073	0.081458	88342	1.75	117	1608	0	78	3891	1351	7378	146225	4287	226	897	1173	88948	18	820	306	399	264	0	1356	1502	12326	280	2467	708	125	106	351	1363	4110	168	248	123	892	417	422	90129	24171	0.174	
Y:\IMPROVED DATABASE\BOSCORF PROJECTS DATA\Soutter_E_(2022)_JC36\ITRAX\JC36\JC36_74_3\JC36_74_3REP2\XRF data\L000017.spe	134.00	7.58	1	0.010270	-0.010164	0.009073	0.081458	86715	1.88	85	1631	0	108	4022	1354	7243	142756	4228	157	932	1144	81885	0	781	371	348	147	0	1393	1145	11961	416	3020	713	151	115	338	1554	4129	234	84	783	792	283	661	89220	28331	0.172	
Y:\IMPROVED DATABASE\BOSCORF PROJECTS DATA\Soutter_E_(2022)_JC36\ITRAX\JC36\JC36_74_3\JC36_74_3REP2\XRF data\L000018.spe	136.00	7.53	1	0.010270	-0.010164	0.009073	0.081458	81252	1.75	66	1172	0	184	4496	1238	6474	127693	4028	147	864	1091	78786	0	703	224	339	162	0	1452	1463	11860	184	1894	613	0	153	235	1704	3968	290	206	172	692	285	967	83507	21455	0.169	
Y:\IMPROVED DATABASE\BOSCORF PROJECTS DATA\Soutter_E_(2022)_JC36\ITRAX\JC36\JC36_74_3\JC36_74_3REP2\XRF data\L000019.spe	138.00	7.52	1	0.010270	-0.010164	0.009073	0.081458	82064	1.77	63	985	0	102	4469	1191	5895	143831	3667	188	869	954	68963	55	651	169	365	266	0	1489	1084	12642	315	2178	686	0	168	207	1421	4121	236	129	369	627	335	382	83616	25401	0.169	
Y:\IMPROVED DATABASE\BOSCORF PROJECTS DATA\Soutter_E_(2022)_JC36\ITRAX\JC36\JC36_74_3\JC36_74_3REP2\XRF data\L000020.spe	140.00	7.54	1	0.010270	-0.010164	0.009073	0.081458	86447	1.86	82	1008	0	156	5300	1234	5400	176587	2625	155	924	863	67558	124	805	167	379	127	0	1296	1117	13997	102	1718	849	0	108	200	1575	4208	227	266	406	519	166	495	85523	23923	0.171	
Y:\IMPROVED DATABASE\BOSCORF PROJECTS DATA\Soutter_E_(2022)_JC36\ITRAX\JC36\JC36_74_3\JC36_74_3REP2\XRF data\L000021.spe	142.00	7.53	1	0.010270	-0.010164	0.009073	0.081458	83233	1.80	75	973	0	153	5686	1155	5080	145085	2793	6	936	1074	55155	463	790	204	233	77	0	1148	1075	13374	117	1794	660	18	160	228	1717	4552	83	359	163	351	333	0	88324	23012	0.173	
Y:\IMPROVED DATABASE\BOSCORF PROJECTS DATA\Soutter_E_(2022)_JC36\ITRAX\JC36\JC36_74_3\JC36_74_3REP2\XRF data\L000022.spe	144.00	7.52	1	0.010270	-0.010164	0.009073	0.081458	81777	1.80	36	1103	0	152	5647	1200	5198	129966	1848	66	1139	800	52916	0	797	111	204	0	0	1210	1040	12211	197	1600	616	0	217	229	1694	4697	327	81	323	570	376	562	89821	26309	0.174	
Y:\IMPROVED DATABASE\BOSCORF PROJECTS DATA\Soutter_E_(2022)_JC36\ITRAX\JC36\JC36_74_3\JC36_74_3REP2\XRF data\L000023.spe	146.00	7.52	1	0.010270	-0.010164	0.009073	0.081458	81668	1.93	89	1175	0	138	5622	1150	4702	127591	2105	113	842	763	55266	46	818	281	434	130	0	988	1166	11846	116	1571	561	6	156	309	1682	4895	0	388	352	493	370	432	89126	23679	0.174	
Y:\IMPROVED DATABASE\BOSCORF PROJECTS DATA\Soutter_E_(2022)_JC36\ITRAX\JC36\JC36_74_3\JC36_74_3REP2\XRF data\L000024.spe	148.00	7.50	1	0.010270	-0.010164	0.009073	0.081458	83467	1.78	32	1152	0	178	5403	1255	5424	134303	2376	96	1015	877	55499	360	853	242	233	232	0	1091	1385	12176	102	1869	564	0	133	273	1633	4728	64	467	112	401	271	0	90287	25928	0.175	
Y:\IMPROVED DATABASE\BOSCORF PROJECTS DATA\Soutter_E_(2022)_JC36\ITRAX\JC36\JC36_74_3\JC36_74_3REP2\XRF data\L000025.spe	150.00	7.49	1	0.010270	-0.010164	0.009073	0.081458	83629	1.82	98	1215	0	156	5386	1216	6001	132287	2194	162	1038	970	55282	316	738	169	403	136	0	1209	1232	11744	144	1868	711	56	127	267	1897	4648	253	242	498	301	282	87	90467	25084	0.176	
Y:\IMPROVED DATABASE\BOSCORF PROJECTS DATA\Soutter_E_(2022)_JC36\ITRAX\JC36\JC36_74_3\JC36_74_3REP2\XRF data\L000026.spe	152.00	7.48	1	0.010270	-0.010164	0.009073	0.081458	83012	2.01	46	1261	0	193	5394	1354	4957	138708	1761	110	1335	795	48510	223	852	263	238	359	0	988	1351	11613	0	1884	650	31	168	235	1694	4990	313	429	305	395	225	128	91163	26835	0.176	
Y:\IMPROVED DATABASE\BOSCORF PROJECTS DATA\Soutter_E_(2022)_JC36\ITRAX\JC36\JC36_74_3\JC36_74_3REP2\XRF data\L000027.spe	154.00	7.45	1	0.010270	-0.010164	0.009073	0.081458	81295	1.89	65	1268	0	146	5718	1269	4795	116773	1864	160	1031	688	46957	0	844	369	71	317	0	1110	1116	11241	150	1465	640	92	181	350	1772	4916	207	202	345	564	237	434	94375	29983	0.177	
Y:\IMPROVED DATABASE\BOSCORF PROJECTS DATA\Soutter_E_(2022)_JC36\ITRAX\JC36\JC36_74_3\JC36_74_3REP2\XRF data\L000028.spe	156.00	7.42	1	0.010270	-0.010164	0.009073	0.081458	80949	2.04	70	1152	0	168	5368	1254	5169	124004	1831	97	954	897	47481	0	765	114	267	141	0	1068	1203	11391	215	1459	619	116	122	292	1705	4750	228	150	306	743	213	1563	91751	27035	0.177	
Y:\IMPROVED DATABASE\BOSCORF PROJECTS DATA\Soutter_E_(2022)_JC36\ITRAX\JC36\JC36_74_3\JC36_74_3REP2\XRF data\L000029.spe	158.00	7.39	1	0.010270	-0.010164	0.009073	0.081458	80785	1.85	53	1108	0	202	5737	1251	4779	103317	2206	174	844	754	42522	0	821	268	201	12	0	1053	1257	11072	0	1781	441	122	174	319	1765	5169	189	419	259	536	108	618	93208	26611	0.180	
Y:\IMPROVED DATABASE\BOSCORF PROJECTS DATA\Soutter_E_(2022)_JC36\ITRAX\JC36\JC36_74_3\JC36_74_3REP2\XRF data\L000030.spe	160.00	7.37	1	0.010270	-0.010164	0.009073	0.081458	84568	2.18	76	2544	0	118	4971	1334	5782	142008	2314	120	839	806	42556	194	852	395	199	219	0	933	1063	10773	38	1544	636	52	140	332	1723	5141	333	173	554	592	140	0	94173	27735	0.179	
Y:\IMPROVED DATABASE\BOSCORF PROJECTS DATA\Soutter_E_(2022)_JC36\ITRAX\JC36\JC36_74_3\JC36_74_3REP2\XRF data\L000031.spe	162.00	7.33	1	0.010270	-0.010164	0.009073	0.081458	74644	1.97	74	2581	0	112	3299	1250	4777	99341	1838	284	837	975	42218	0	781	223	156	0	0	452	1364	9042	0	1189	520	15	92	325	1795	4779	201	186	42	677	73	696	88165	24903	0.174	
Y:\IMPROVED DATABASE\BOSCORF PROJECTS DATA\Soutter_E_(2022)_JC36\ITRAX\JC36\JC36_74_3\JC36_74_3REP2\XRF data\L000032.spe	164.00	7.30	1	0.010270	-0.010164	0.009073	0.081458	78998	1.87	34	2728	0	143	3642	1064	5323	103511	1847	201	1274	780	46655	0	900	117	321	340	0	766	1138	9807	34	1788	481	64	145	363	1582	5156	396	287	695	452	285	660	91903	24575	0.178	
Y:\IMPROVED DATABASE\BOSCORF PROJECTS DATA\Soutter_E_(2022)_JC36\ITRAX\JC36\JC36_74_3\JC36_74_3REP2\XRF data\L000033.spe	166.00	7.29	1	0.010270	-0.010164	0.009073	0.081458	80660	1.92	83	2581	0	75	3523	1151	5185	138754	2527	135	833	721	39844	0	756	129	391	94	0	646	1473	9850	0	1730	656	20	182	296	1605	4977	70	431	0	432	186	446	91581	25222	0.176	
Y:\IMPROVED DATABASE\BOSCORF PROJECTS DATA\Soutter_E_(2022)_JC36\ITRAX\JC36\JC36_74_3\JC36_74_3REP2\XRF data\L000034.spe	168.00	7.32	1	0.010270	-0.010164	0.009073	0.081458	71845	1.96	102	2453	0	133	3306	1307	4976	111830	1939	68	705	696	36012	0	749	112	202	241	0	743	1052	8778	19	1396	557	134	129	296	1529	4573	260	246	208	471	177	747	84090	24626	0.170	
Y:\IMPROVED DATABASE\BOSCORF PROJECTS DATA\Soutter_E_(2022)_JC36\ITRAX\JC36\JC36_74_3\JC36_74_3REP2\XRF data\L000035.spe	170.00	7.34	0	0.010270	-0.010164	0.009073	0.081458	63174	1.76	67	1699	0	110	2896	1198	4614	84243	2411	40	776	605	37475	0	684	79	182	150	0	599	975	7730	167	1563	388	63	170	182	1339	3741	213	245	279	587	113	987	76327	21690	0.164	
Y:\IMPROVED DATABASE\BOSCORF PROJECTS DATA\Soutter_E_(2022)_JC36\ITRAX\JC36\JC36_74_3\JC36_74_3REP2\XRF data\L000036.spe	172.00	7.36	1	0.010270	-0.010164	0.009073	0.081458	69648	1.60	67	946	0	190	4659	1175	3877	75756	2476	62	807	822	47969	0	786	250	276	28	0	942	1043	9316	33	1924	366	71	129	249	1591	4300	196	155	129	595	203	1116	79181	21159	0.170	
Y:\IMPROVED DATABASE\BOSCORF PROJECTS DATA\Soutter_E_(2022)_JC36\ITRAX\JC36\JC36_74_3\JC36_74_3REP2\XRF data\L000037.spe	174.00	7.37	1	0.010270	-0.010164	0.009073	0.081458	72934	1.70	63	784	0	147	5014	1089	4374	99480	1811	82	917	826	54115	0	603	143	144	179	0	1029	1079	10330	195	1976	413	23	170	287	1539	4122	93	323	299	594	217	654	81465	24431	0.167	
Y:\IMPROVED DATABASE\BOSCORF PROJECTS DATA\Soutter_E_(2022)_JC36\ITRAX\JC36\JC36_74_3\JC36_74_3REP2\XRF data\L000038.spe	176.00	7.39	1	0.010270	-0.010164	0.009073	0.081458	69071	1.63	67	664	0	209	4859	1098	4126	79705	2148	116	840	780	51305	0	591	162	197	58	0	1120	819	9925	52	1683	347	83	134	257	1620	3989	151	264	509	620	97	616	78906	22147	0.167	
Y:\IMPROVED DATABASE\BOSCORF PROJECTS DATA\Soutter_E_(2022)_JC36\ITRAX\JC36\JC36_74_3\JC36_74_3REP2\XRF data\L000039.spe	178.00	7.42	1	0.010270	-0.010164	0.009073	0.081458	72614	1.59	81	780	0	87	4044	1015	5455	96139	3093	96	781	917	65500	0	517	257	254	63	0	909	1371	9865	72	1428	460	40	182	266	1510	3742	249	218	301	641	346	1053	79734	25373	0.166	
Y:\IMPROVED DATABASE\BOSCORF PROJECTS DATA\Soutter_E_(2022)_JC36\ITRAX\JC36\JC36_74_3\JC36_74_3REP2\XRF data\L000040.spe	180.00	7.46	1	0.010270	-0.010164	0.009073	0.081458	77728	1.74	129	1035	0	104	3525	1076	6851	116940	3857	228	835	1130	83734	162	702	305	466	193	0	1157	1227	10366	89	1695	486	16	164	200	1328	3887	422	73	303	600	407	514	78617	21375	0.165	
Y:\IMPROVED DATABASE\BOSCORF PROJECTS DATA\Soutter_E_(2022)_JC36\ITRAX\JC36\JC36_74_3\JC36_74_3REP2\XRF data\L000041.spe	182.00	7.50	1	0.010270	-0.010164	0.009073	0.081458	75427	1.71	104	921	0	107	3799	1117	6414	110170	3673	142	927	1032	82198	239	651	365	492	118	0	1261	1210	10086	346	1767	480	40	113	267	1356	3994	115	413	293	564	300	478	77448	22389	0.164	
Y:\IMPROVED DATABASE\BOSCORF PROJECTS DATA\Soutter_E_(2022)_JC36\ITRAX\JC36\JC36_74_3\JC36_74_3REP2\XRF data\L000042.spe	184.00	7.52	1	0.010270	-0.010164	0.009073	0.081458	78860	1.76	108	1067	0	102	3605	1091	6891	122961	3944	154	996	1102	82079	0	710	118	316	151	0	1290	1141	11036	244	1878	613	62	92	227	1446	3705	281	222	344	624	372	1171	80204	23793	0.166	
Y:\IMPROVED DATABASE\BOSCORF PROJECTS DATA\Soutter_E_(2022)_JC36\ITRAX\JC36\JC36_74_3\JC36_74_3REP2\XRF data\L000043.spe	186.00	7.55	1	0.010270	-0.010164	0.009073	0.081458	81451	1.74	142	972	0	167	3812	1094	6935	125596	4293	179	996	1146	90483	0	670	243	308	50	0	1464	1662	10948	142	2079	628	95	79	234	1398	3974	372	85	136	748	387	787	81488	27018	0.167	
Y:\IMPROVED DATABASE\BOSCORF PROJECTS DATA\Soutter_E_(2022)_JC36\ITRAX\JC36\JC36_74_3\JC36_74_3REP2\XRF data\L000044.spe	188.00	7.58	1	0.010270	-0.010164	0.009073	0.081458	83109	1.85	137	1020	0	154	3748	1077	7127	117084	4265	198	987	1258	103640	0	723	298	2387	81	0	1396	1478	10459	185	2091	572	128	132	223	1432	4107	314	209	109	1035	381	1030	81249	23523	0.167	
Y:\IMPROVED DATABASE\BOSCORF PROJECTS DATA\Soutter_E_(2022)_JC36\ITRAX\JC36\JC36_74_3\JC36_74_3REP2\XRF data\L000045.spe	190.00	7.59	1	0.010270	-0.010164	0.009073	0.081458	85276	1.80	68	1062	0	116	3537	1116	7948	122967	4928	163	1009	1287	111664	0	695	217	387	125	0	1605	1627	11002	324	2324	613	109	137	290	1440	3946	222	328	210	1130	452	1058	83973	23325	0.168	
Y:\IMPROVED DATABASE\BOSCORF PROJECTS DATA\Soutter_E_(2022)_JC36\ITRAX\JC36\JC36_74_3\JC36_74_3REP2\XRF data\L000046.spe	192.00	7.62	1	0.010270	-0.010164	0.009073	0.081458	87734	1.79	107	1163	0	107	3400	1152	8275	127674	4994	303	915	1289	116813	45	776	306	509	188	0	1780	1608	11536	148	2023	628	114	113	290	1361	3728	318	309	295	895	433	1027	83960	23237	0.170	
Y:\IMPROVED DATABASE\BOSCORF PROJECTS DATA\Soutter_E_(2022)_JC36\ITRAX\JC36\JC36_74_3\JC36_74_3REP2\XRF data\L000047.spe	194.00	7.64	1	0.010270	-0.010164	0.009073	0.081458	90772	1.71	136	1165	0	99	3296	1111	9124	133705	5048	207	1061	1489	126409	443	722	314	503	96	0	1980	1654	11399	374	2199	611	65	87	211	1387	3675	204	511	313	782	496	324	85056	21761	0.171	
Y:\IMPROVED DATABASE\BOSCORF PROJECTS DATA\Soutter_E_(2022)_JC36\ITRAX\JC36\JC36_74_3\JC36_74_3REP2\XRF data\L000048.spe	196.00	7.66	1	0.010270	-0.010164	0.009073	0.081458	92530	1.83	87	1323	0	119	3427	1158	9527	138446	5636	227	1076	1465	125447	0	732	461	507	238	0	2033	1533	11734	273	2362	643	59	115	286	1355	3778	133	370	305	1131	478	1125	86220	23015	0.173	