Y:\IMPROVED DATABASE\BOSCORF PROJECTS DATA\Soutter_E_(2022)_JC36\ITRAX\JC36\JC36_74_4\JC36_74_4REP2\XRF data     10/02/2022  re-evaluated data
peakarea
filename	position (mm)	sample surface	validity	E-gain	E-offset	F-slope	F-offset	cps	MSE	Al	Si	P	S	Cl	Ar	K	Ca	Ti	V	Cr	Mn	Fe	Co	Ni	Cu	Zn	Ga	As	Br	Rb	Sr	Y	Zr	Sb	Ba	Ce	Sm	Ta	W	Pb	Fe a*2	Fe a+b	S1	S2	S3	Mo inc	Mo coh	Dt	
Y:\IMPROVED DATABASE\BOSCORF PROJECTS DATA\Soutter_E_(2022)_JC36\ITRAX\JC36\JC36_74_4\JC36_74_4REP2\XRF data\L000000.spe	100.00	7.94	1	0.010270	-0.010164	0.009073	0.081458	81131	1.66	94	1832	0	105	6802	1183	6805	159503	3388	80	820	927	66527	0	651	91	462	0	0	1471	1286	12862	277	2196	702	66	109	283	1437	4038	246	248	590	782	355	742	79152	24911	0.167	
Y:\IMPROVED DATABASE\BOSCORF PROJECTS DATA\Soutter_E_(2022)_JC36\ITRAX\JC36\JC36_74_4\JC36_74_4REP2\XRF data\L000001.spe	102.00	7.96	1	0.010270	-0.010164	0.009073	0.081458	78813	1.87	98	3131	0	129	7125	1162	5584	142222	2836	251	869	786	48035	0	697	106	614	252	0	754	1014	10558	0	3406	539	83	70	218	1576	4530	155	157	430	352	294	415	84930	25972	0.170	
Y:\IMPROVED DATABASE\BOSCORF PROJECTS DATA\Soutter_E_(2022)_JC36\ITRAX\JC36\JC36_74_4\JC36_74_4REP2\XRF data\L000002.spe	104.00	7.99	1	0.010270	-0.010164	0.009073	0.081458	74629	1.81	44	3321	0	111	2603	1360	5538	131915	1240	184	556	527	36421	0	737	56	220	181	0	686	1041	9742	88	3462	605	43	180	331	1535	4420	231	294	237	453	270	667	84383	25572	0.170	
Y:\IMPROVED DATABASE\BOSCORF PROJECTS DATA\Soutter_E_(2022)_JC36\ITRAX\JC36\JC36_74_4\JC36_74_4REP2\XRF data\L000003.spe	106.00	7.97	1	0.010270	-0.010164	0.009073	0.081458	77042	1.89	130	4129	0	111	2313	1224	5502	131870	1339	202	955	718	38135	29	755	102	161	119	0	796	1127	9181	127	1062	524	156	128	395	1460	4689	161	331	452	493	218	0	89680	27601	0.173	
Y:\IMPROVED DATABASE\BOSCORF PROJECTS DATA\Soutter_E_(2022)_JC36\ITRAX\JC36\JC36_74_4\JC36_74_4REP2\XRF data\L000004.spe	108.00	7.98	1	0.010270	-0.010164	0.009073	0.081458	75582	1.87	75	3929	0	76	2446	1217	5729	119394	1598	122	912	768	36401	336	797	187	225	250	128	587	1254	8459	0	1034	567	53	121	340	1561	4823	30	251	168	308	226	0	88720	26580	0.172	
Y:\IMPROVED DATABASE\BOSCORF PROJECTS DATA\Soutter_E_(2022)_JC36\ITRAX\JC36\JC36_74_4\JC36_74_4REP2\XRF data\L000005.spe	110.00	7.98	1	0.010270	-0.010164	0.009073	0.081458	78977	2.13	114	4010	0	59	2481	1232	5668	143134	2089	222	1037	630	41747	0	683	47	222	152	0	854	1138	9858	0	1015	628	111	90	314	1501	4751	267	251	335	723	254	740	88771	25359	0.172	
Y:\IMPROVED DATABASE\BOSCORF PROJECTS DATA\Soutter_E_(2022)_JC36\ITRAX\JC36\JC36_74_4\JC36_74_4REP2\XRF data\L000006.spe	112.00	7.98	1	0.010270	-0.010164	0.009073	0.081458	79884	1.99	74	3878	0	112	2426	1229	5963	172026	1333	200	773	621	38539	0	782	49	223	141	0	580	1331	12705	0	739	823	48	158	224	1422	4644	55	107	0	609	191	572	85417	24939	0.171	
Y:\IMPROVED DATABASE\BOSCORF PROJECTS DATA\Soutter_E_(2022)_JC36\ITRAX\JC36\JC36_74_4\JC36_74_4REP2\XRF data\L000007.spe	114.00	7.98	1	0.010270	-0.010164	0.009073	0.081458	79124	1.80	145	3045	0	29	2339	1246	5294	179497	1761	175	650	653	40163	0	719	0	163	192	0	635	1139	12163	0	1934	755	29	137	247	1578	4198	138	223	170	652	206	545	82972	21886	0.168	
Y:\IMPROVED DATABASE\BOSCORF PROJECTS DATA\Soutter_E_(2022)_JC36\ITRAX\JC36\JC36_74_4\JC36_74_4REP2\XRF data\L000008.spe	116.00	7.98	1	0.010270	-0.010164	0.009073	0.081458	79826	2.01	79	3535	0	101	2505	1253	5798	158160	2181	128	751	649	42943	73	690	239	246	110	0	671	1040	11382	0	1644	792	151	86	310	1352	4618	178	170	381	466	333	156	86921	23865	0.171	
Y:\IMPROVED DATABASE\BOSCORF PROJECTS DATA\Soutter_E_(2022)_JC36\ITRAX\JC36\JC36_74_4\JC36_74_4REP2\XRF data\L000009.spe	118.00	7.99	1	0.010270	-0.010164	0.009073	0.081458	81768	2.09	139	3810	0	104	2387	1323	6108	176908	1638	173	1131	963	42821	443	735	54	319	255	0	699	1168	11847	39	1296	814	96	68	309	1423	4490	160	177	174	344	183	0	88565	24771	0.171	
Y:\IMPROVED DATABASE\BOSCORF PROJECTS DATA\Soutter_E_(2022)_JC36\ITRAX\JC36\JC36_74_4\JC36_74_4REP2\XRF data\L000010.spe	120.00	7.98	1	0.010270	-0.010164	0.009073	0.081458	77829	1.87	126	4063	0	79	2198	1257	4991	161784	1081	226	968	593	31706	0	729	184	152	290	0	835	980	11497	0	775	713	135	127	249	1457	5013	296	486	401	624	143	621	85720	25217	0.170	
Y:\IMPROVED DATABASE\BOSCORF PROJECTS DATA\Soutter_E_(2022)_JC36\ITRAX\JC36\JC36_74_4\JC36_74_4REP2\XRF data\L000011.spe	122.00	7.97	1	0.010270	-0.010164	0.009073	0.081458	75923	1.89	103	4413	0	100	2101	1183	4971	132206	2242	117	706	828	34243	238	852	144	252	69	0	607	1180	10160	0	1198	615	0	145	253	1693	4531	256	127	69	378	170	46	87040	25514	0.172	
Y:\IMPROVED DATABASE\BOSCORF PROJECTS DATA\Soutter_E_(2022)_JC36\ITRAX\JC36\JC36_74_4\JC36_74_4REP2\XRF data\L000012.spe	124.00	7.97	1	0.010270	-0.010164	0.009073	0.081458	76702	1.84	117	4218	0	68	2262	1170	5334	119498	1745	143	744	842	44308	0	804	128	217	188	0	672	1273	9314	0	1599	496	77	110	300	1623	4729	44	170	115	455	122	365	88028	24043	0.173	
Y:\IMPROVED DATABASE\BOSCORF PROJECTS DATA\Soutter_E_(2022)_JC36\ITRAX\JC36\JC36_74_4\JC36_74_4REP2\XRF data\L000013.spe	126.00	7.97	1	0.010270	-0.010164	0.009073	0.081458	81417	2.00	144	3440	0	89	2502	1229	5238	167671	1985	163	737	880	47271	15	876	117	237	237	0	654	1229	10750	0	2356	810	65	166	269	1524	4994	309	228	324	567	201	317	85478	25680	0.170	
Y:\IMPROVED DATABASE\BOSCORF PROJECTS DATA\Soutter_E_(2022)_JC36\ITRAX\JC36\JC36_74_4\JC36_74_4REP2\XRF data\L000014.spe	128.00	7.97	1	0.010270	-0.010164	0.009073	0.081458	78710	2.06	80	3861	0	64	2447	1164	5264	149688	1991	119	1124	693	39521	511	820	329	367	61	0	909	1020	10711	48	2302	801	70	106	330	1476	4675	45	292	497	382	344	0	88518	26576	0.172	
Y:\IMPROVED DATABASE\BOSCORF PROJECTS DATA\Soutter_E_(2022)_JC36\ITRAX\JC36\JC36_74_4\JC36_74_4REP2\XRF data\L000015.spe	130.00	7.96	1	0.010270	-0.010164	0.009073	0.081458	80704	1.91	52	3454	0	94	2514	1284	5459	175764	1871	143	837	705	41365	186	774	220	214	286	0	2356	783	11961	16	1993	730	40	121	280	1334	4216	145	304	630	281	217	376	86235	27907	0.170	
Y:\IMPROVED DATABASE\BOSCORF PROJECTS DATA\Soutter_E_(2022)_JC36\ITRAX\JC36\JC36_74_4\JC36_74_4REP2\XRF data\L000016.spe	132.00	7.97	1	0.010270	-0.010164	0.009073	0.081458	81109	2.17	107	3692	0	69	2190	1311	4949	186059	1575	91	818	858	37725	0	860	76	170	85	0	843	1019	12048	0	1248	798	106	70	265	1528	4831	301	54	176	527	158	363	87040	26224	0.170	
Y:\IMPROVED DATABASE\BOSCORF PROJECTS DATA\Soutter_E_(2022)_JC36\ITRAX\JC36\JC36_74_4\JC36_74_4REP2\XRF data\L000017.spe	134.00	7.96	1	0.010270	-0.010164	0.009073	0.081458	78555	2.03	160	4358	0	64	2199	1229	5690	156216	1467	154	760	556	32883	0	768	116	132	210	0	620	757	12100	0	892	710	132	137	260	1286	5087	150	151	471	677	216	722	87824	25332	0.172	
Y:\IMPROVED DATABASE\BOSCORF PROJECTS DATA\Soutter_E_(2022)_JC36\ITRAX\JC36\JC36_74_4\JC36_74_4REP2\XRF data\L000018.spe	136.00	7.95	1	0.010270	-0.010164	0.009073	0.081458	76168	1.90	21	4712	0	48	1981	1148	5320	119436	2536	178	782	807	39091	0	932	181	357	255	0	645	1268	9427	0	2082	474	179	123	362	1379	4896	189	163	159	575	223	429	87459	26087	0.173	
Y:\IMPROVED DATABASE\BOSCORF PROJECTS DATA\Soutter_E_(2022)_JC36\ITRAX\JC36\JC36_74_4\JC36_74_4REP2\XRF data\L000019.spe	138.00	7.94	1	0.010270	-0.010164	0.009073	0.081458	78874	2.07	78	4545	0	58	1980	1182	5157	145532	2270	159	760	662	36312	431	718	125	131	274	0	632	1051	10691	214	3066	673	171	151	280	1486	5350	390	73	538	106	69	0	88684	25432	0.173	
Y:\IMPROVED DATABASE\BOSCORF PROJECTS DATA\Soutter_E_(2022)_JC36\ITRAX\JC36\JC36_74_4\JC36_74_4REP2\XRF data\L000020.spe	140.00	7.94	1	0.010270	-0.010164	0.009073	0.081458	81171	2.11	143	4351	0	52	2220	1278	5446	176249	1384	73	834	588	39336	0	853	0	257	275	0	762	1025	11913	0	972	833	72	187	430	1788	4820	310	91	397	570	101	350	87328	27241	0.171	
Y:\IMPROVED DATABASE\BOSCORF PROJECTS DATA\Soutter_E_(2022)_JC36\ITRAX\JC36\JC36_74_4\JC36_74_4REP2\XRF data\L000021.spe	142.00	7.93	1	0.010270	-0.010164	0.009073	0.081458	78373	2.03	75	3689	0	87	2108	1154	5477	178990	2269	106	869	454	31835	0	652	72	311	256	0	663	1054	12320	0	1084	741	126	102	208	1142	4171	183	27	452	398	264	766	84327	25468	0.169	
Y:\IMPROVED DATABASE\BOSCORF PROJECTS DATA\Soutter_E_(2022)_JC36\ITRAX\JC36\JC36_74_4\JC36_74_4REP2\XRF data\L000022.spe	144.00	7.93	1	0.010270	-0.010164	0.009073	0.081458	79375	1.90	129	4040	0	141	2124	1224	5836	163850	756	144	1131	651	40973	150	886	97	345	130	0	619	1027	11965	24	951	728	105	102	289	1405	4328	240	410	556	304	297	117	85756	24156	0.170	
Y:\IMPROVED DATABASE\BOSCORF PROJECTS DATA\Soutter_E_(2022)_JC36\ITRAX\JC36\JC36_74_4\JC36_74_4REP2\XRF data\L000023.spe	146.00	7.93	1	0.010270	-0.010164	0.009073	0.081458	81271	2.13	125	4933	0	55	2242	1158	5852	139716	1781	168	939	664	39200	0	836	0	484	325	0	601	1351	10137	0	1455	580	49	166	420	1395	4988	255	406	293	456	0	842	92135	25302	0.177	
Y:\IMPROVED DATABASE\BOSCORF PROJECTS DATA\Soutter_E_(2022)_JC36\ITRAX\JC36\JC36_74_4\JC36_74_4REP2\XRF data\L000024.spe	148.00	7.92	1	0.010270	-0.010164	0.009073	0.081458	77355	2.03	138	4555	0	54	1959	1198	4870	131563	1772	186	868	603	39442	0	896	127	265	366	0	657	1048	9574	0	1385	586	53	131	258	1530	5323	146	428	231	586	313	538	87184	22817	0.173	
Y:\IMPROVED DATABASE\BOSCORF PROJECTS DATA\Soutter_E_(2022)_JC36\ITRAX\JC36\JC36_74_4\JC36_74_4REP2\XRF data\L000025.spe	150.00	7.89	1	0.010270	-0.010164	0.009073	0.081458	76554	1.89	80	4328	0	89	2150	1192	5844	124283	2182	68	502	671	36102	54	808	162	183	256	0	646	961	9472	110	1952	589	203	48	314	1448	5104	291	35	384	579	253	199	89443	24629	0.174	
Y:\IMPROVED DATABASE\BOSCORF PROJECTS DATA\Soutter_E_(2022)_JC36\ITRAX\JC36\JC36_74_4\JC36_74_4REP2\XRF data\L000026.spe	152.00	7.90	1	0.010270	-0.010164	0.009073	0.081458	82269	2.19	145	3790	0	70	2495	1215	6325	163153	2239	200	757	763	46532	0	738	0	200	140	0	806	1197	11453	0	1862	664	164	74	295	1528	5381	223	156	186	669	53	407	89008	27283	0.172	
Y:\IMPROVED DATABASE\BOSCORF PROJECTS DATA\Soutter_E_(2022)_JC36\ITRAX\JC36\JC36_74_4\JC36_74_4REP2\XRF data\L000027.spe	154.00	7.90	1	0.010270	-0.010164	0.009073	0.081458	76852	1.67	146	3807	0	72	2111	1167	5053	142260	2972	92	1010	807	37714	0	706	192	319	252	0	809	1231	10263	49	1712	627	72	101	306	1447	4558	116	339	170	501	277	509	85375	24475	0.171	
Y:\IMPROVED DATABASE\BOSCORF PROJECTS DATA\Soutter_E_(2022)_JC36\ITRAX\JC36\JC36_74_4\JC36_74_4REP2\XRF data\L000028.spe	156.00	7.90	1	0.010270	-0.010164	0.009073	0.081458	81563	1.93	75	3856	0	77	2343	1141	5200	171284	2056	146	722	772	43597	0	805	269	263	205	0	715	1018	10955	58	1873	803	0	178	239	1523	4563	180	58	301	500	140	309	86682	27236	0.171	
Y:\IMPROVED DATABASE\BOSCORF PROJECTS DATA\Soutter_E_(2022)_JC36\ITRAX\JC36\JC36_74_4\JC36_74_4REP2\XRF data\L000029.spe	158.00	7.90	1	0.010270	-0.010164	0.009073	0.081458	81325	1.96	99	3348	0	128	2155	1196	5368	185537	1608	75	1100	758	45937	0	753	126	132	214	0	839	855	11775	0	1250	868	139	71	285	1322	4408	32	306	239	588	230	678	84271	25804	0.170	
Y:\IMPROVED DATABASE\BOSCORF PROJECTS DATA\Soutter_E_(2022)_JC36\ITRAX\JC36\JC36_74_4\JC36_74_4REP2\XRF data\L000030.spe	160.00	7.90	1	0.010270	-0.010164	0.009073	0.081458	80904	2.04	115	3987	0	76	2241	1240	6353	164287	2218	57	632	660	40970	0	796	73	201	182	0	778	1097	11494	163	1525	620	101	122	245	1455	4763	168	568	375	434	218	485	87222	23095	0.172	
Y:\IMPROVED DATABASE\BOSCORF PROJECTS DATA\Soutter_E_(2022)_JC36\ITRAX\JC36\JC36_74_4\JC36_74_4REP2\XRF data\L000031.spe	162.00	7.88	1	0.010270	-0.010164	0.009073	0.081458	82570	2.01	130	3110	0	51	2313	1224	5575	194623	2635	64	747	722	46946	50	824	63	131	57	0	762	1138	13115	176	2466	842	96	138	196	1293	4204	379	303	211	518	178	37	86024	24845	0.169	
Y:\IMPROVED DATABASE\BOSCORF PROJECTS DATA\Soutter_E_(2022)_JC36\ITRAX\JC36\JC36_74_4\JC36_74_4REP2\XRF data\L000032.spe	164.00	7.89	1	0.010270	-0.010164	0.009073	0.081458	88706	2.02	110	3497	0	100	2350	1208	7940	197958	3388	246	849	1024	68770	0	798	61	316	159	0	862	1304	12024	107	3423	876	31	137	278	1629	4654	320	231	357	972	315	624	87299	26556	0.171	
Y:\IMPROVED DATABASE\BOSCORF PROJECTS DATA\Soutter_E_(2022)_JC36\ITRAX\JC36\JC36_74_4\JC36_74_4REP2\XRF data\L000033.spe	166.00	7.87	1	0.010270	-0.010164	0.009073	0.081458	77383	1.88	114	3761	0	18	1914	1160	5704	151106	2588	119	732	818	47790	121	792	0	325	170	0	749	1264	10738	220	2381	651	105	120	265	1452	4161	195	27	33	436	214	298	83779	25831	0.168	
Y:\IMPROVED DATABASE\BOSCORF PROJECTS DATA\Soutter_E_(2022)_JC36\ITRAX\JC36\JC36_74_4\JC36_74_4REP2\XRF data\L000034.spe	168.00	7.87	1	0.010270	-0.010164	0.009073	0.081458	77098	1.91	150	3179	0	33	1970	1263	7416	114669	3461	165	725	980	62443	332	713	69	185	101	0	758	1257	9986	301	3543	534	145	101	289	1434	3929	181	371	263	488	337	47	84588	24134	0.171	
Y:\IMPROVED DATABASE\BOSCORF PROJECTS DATA\Soutter_E_(2022)_JC36\ITRAX\JC36\JC36_74_4\JC36_74_4REP2\XRF data\L000035.spe	170.00	7.86	1	0.010270	-0.010164	0.009073	0.081458	86769	1.79	119	2494	0	98	6624	1052	9481	149947	6350	130	1079	1598	106658	480	729	335	858	197	0	1237	1512	11119	388	2666	692	113	64	326	1268	3720	164	344	423	856	511	0	80915	25678	0.167	
Y:\IMPROVED DATABASE\BOSCORF PROJECTS DATA\Soutter_E_(2022)_JC36\ITRAX\JC36\JC36_74_4\JC36_74_4REP2\XRF data\L000036.spe	172.00	7.85	1	0.010270	-0.010164	0.009073	0.081458	84505	1.99	105	3118	0	33	2078	1087	8032	168305	4448	149	1053	1169	82620	54	658	86	339	200	0	851	1422	11304	154	2776	779	227	0	276	1355	4478	196	303	128	852	254	109	80728	24119	0.167	
Y:\IMPROVED DATABASE\BOSCORF PROJECTS DATA\Soutter_E_(2022)_JC36\ITRAX\JC36\JC36_74_4\JC36_74_4REP2\XRF data\L000037.spe	174.00	7.88	1	0.010270	-0.010164	0.009073	0.081458	84411	1.97	147	4159	0	112	2095	1223	6927	142695	3271	204	853	1046	65149	0	804	152	388	303	0	712	1519	10356	109	2501	713	180	127	344	1524	4726	136	289	166	860	230	1100	88378	26038	0.175	
Y:\IMPROVED DATABASE\BOSCORF PROJECTS DATA\Soutter_E_(2022)_JC36\ITRAX\JC36\JC36_74_4\JC36_74_4REP2\XRF data\L000038.spe	176.00	7.87	1	0.010270	-0.010164	0.009073	0.081458	76225	1.84	132	4221	0	79	1839	1369	6291	118470	2610	141	762	770	51226	181	883	142	330	142	0	551	1403	8773	61	1618	545	124	116	313	1532	4584	221	227	91	345	227	252	85113	25712	0.171	
Y:\IMPROVED DATABASE\BOSCORF PROJECTS DATA\Soutter_E_(2022)_JC36\ITRAX\JC36\JC36_74_4\JC36_74_4REP2\XRF data\L000039.spe	178.00	7.83	1	0.010270	-0.010164	0.009073	0.081458	79012	1.77	113	3590	0	51	2025	1074	7192	116197	3014	199	861	813	67323	0	790	232	326	301	0	804	1293	9934	427	2066	493	127	86	320	1385	4128	261	0	290	545	327	607	88085	26620	0.172	
Y:\IMPROVED DATABASE\BOSCORF PROJECTS DATA\Soutter_E_(2022)_JC36\ITRAX\JC36\JC36_74_4\JC36_74_4REP2\XRF data\L000040.spe	180.00	7.85	1	0.010270	-0.010164	0.009073	0.081458	89010	1.81	104	2076	0	57	2603	1142	9078	154291	4814	205	1018	1332	105974	0	719	78	421	0	0	1619	1445	12186	458	2530	675	66	116	197	1445	3786	137	461	375	856	461	1158	84861	22072	0.171	
Y:\IMPROVED DATABASE\BOSCORF PROJECTS DATA\Soutter_E_(2022)_JC36\ITRAX\JC36\JC36_74_4\JC36_74_4REP2\XRF data\L000041.spe	182.00	7.87	1	0.010270	-0.010164	0.009073	0.081458	90673	1.94	123	2361	0	123	2709	1250	8737	171001	4734	185	798	1342	100163	244	836	435	496	329	0	1884	1527	12820	501	2099	824	70	147	313	1258	4050	366	302	612	855	450	276	87750	24722	0.171	
Y:\IMPROVED DATABASE\BOSCORF PROJECTS DATA\Soutter_E_(2022)_JC36\ITRAX\JC36\JC36_74_4\JC36_74_4REP2\XRF data\L000042.spe	184.00	7.87	1	0.010270	-0.010164	0.009073	0.081458	86576	1.89	110	3128	0	97	2456	1183	8522	154109	4059	172	894	1211	82295	0	745	209	367	213	114	1371	1382	12330	268	2187	668	122	83	314	1495	4381	120	328	587	845	305	1067	87003	26431	0.171	
Y:\IMPROVED DATABASE\BOSCORF PROJECTS DATA\Soutter_E_(2022)_JC36\ITRAX\JC36\JC36_74_4\JC36_74_4REP2\XRF data\L000043.spe	186.00	7.86	1	0.010270	-0.010164	0.009073	0.081458	84729	1.94	117	3477	0	130	2239	1268	7460	170027	3151	247	1032	951	66820	0	750	242	375	259	0	1139	1363	11926	69	2229	704	49	171	343	1447	4544	19	276	288	821	338	885	85345	25764	0.170	
Y:\IMPROVED DATABASE\BOSCORF PROJECTS DATA\Soutter_E_(2022)_JC36\ITRAX\JC36\JC36_74_4\JC36_74_4REP2\XRF data\L000044.spe	188.00	7.83	1	0.010270	-0.010164	0.009073	0.081458	78965	1.98	107	3277	0	104	1954	1164	6458	150389	2471	195	1027	778	53915	195	761	116	286	153	0	1052	1417	11470	105	1345	736	93	168	278	1421	4269	189	542	334	547	151	44	84904	24677	0.170	
Y:\IMPROVED DATABASE\BOSCORF PROJECTS DATA\Soutter_E_(2022)_JC36\ITRAX\JC36\JC36_74_4\JC36_74_4REP2\XRF data\L000045.spe	190.00	7.84	1	0.010270	-0.010164	0.009073	0.081458	83917	2.02	76	3441	0	86	2199	1162	7266	165062	2228	229	956	873	62816	529	805	214	339	0	0	1030	1573	11965	201	1463	743	107	129	285	1500	4238	73	215	0	500	339	0	85588	27390	0.171	
Y:\IMPROVED DATABASE\BOSCORF PROJECTS DATA\Soutter_E_(2022)_JC36\ITRAX\JC36\JC36_74_4\JC36_74_4REP2\XRF data\L000046.spe	192.00	7.85	1	0.010270	-0.010164	0.009073	0.081458	80121	2.19	122	3155	0	63	2230	1239	7138	133113	3120	83	821	1286	63430	0	849	106	333	235	0	841	1400	9066	0	2053	579	117	194	278	1482	5203	156	348	85	697	260	286	83510	21104	0.170	
Y:\IMPROVED DATABASE\BOSCORF PROJECTS DATA\Soutter_E_(2022)_JC36\ITRAX\JC36\JC36_74_4\JC36_74_4REP2\XRF data\L000047.spe	194.00	7.85	1	0.010270	-0.010164	0.009073	0.081458	78410	1.90	110	3456	0	62	1702	1129	7270	110733	3346	163	793	918	66175	0	685	125	383	62	0	1035	1415	10464	160	2385	555	125	167	310	1481	4521	382	223	353	683	266	539	86093	24354	0.171	
Y:\IMPROVED DATABASE\BOSCORF PROJECTS DATA\Soutter_E_(2022)_JC36\ITRAX\JC36\JC36_74_4\JC36_74_4REP2\XRF data\L000048.spe	196.00	7.86	1	0.010270	-0.010164	0.009073	0.081458	84053	2.03	111	4075	0	95	2199	1217	7673	143346	3691	73	658	931	65554	0	824	270	554	331	0	1142	1280	10162	171	1662	696	162	164	299	1515	4796	234	366	658	815	257	1114	88512	25555	0.173	