Date:	08/02/2022		
Time:	18:18		
Sample name:	JC36_74_2		
Position:	196.000018	mm	
Sample surface:	7.253849	cm	
Tube anode:	Mo		
Tube voltage:	30	kV	
Tube current:	30	mA	
Comments	not in position		
Gain	2.150000		
peaking_time	0.300000	m-sec	
trigger_threshold	40.000000	V	
mca_bin_width	2.000000	no:	
number_mca_channels	2048.000000	no:	
gap_time	0.100000	m-sec	
trigger_peaking_time	0.050000	m-sec	
livetime	12.553395	seconds	
runtime	15.000221	seconds	
input_count_rate	79301.973097	cps	
output_count_rate	66366.288870	cps	
triggers	1151034.000000	seconds	
events_in_run	956676.000000	seconds	
channel	content		
 1.00	 0.00
 2.00	 0.00
 3.00	 0.00
 4.00	 0.00
 5.00	 0.00
 6.00	 0.00
 7.00	 0.00
 8.00	 0.00
 9.00	 0.00
10.00	 0.00
11.00	 0.00
12.00	 0.00
13.00	 0.00
14.00	 0.00
15.00	 0.00
16.00	 0.00
17.00	 0.00
18.00	 0.00
19.00	 0.00
20.00	 0.00
21.00	 0.00
22.00	 0.00
23.00	 0.00
24.00	 0.00
25.00	 0.00
26.00	 0.00
27.00	 0.00
28.00	 0.00
29.00	 0.00
30.00	 0.00
31.00	42.00
32.00	30.00
33.00	47.00
34.00	41.00
35.00	36.00
36.00	27.00
37.00	31.00
38.00	48.00
39.00	31.00
40.00	27.00
41.00	43.00
42.00	51.00
43.00	31.00
44.00	52.00
45.00	39.00
46.00	48.00
47.00	51.00
48.00	65.00
49.00	94.00
50.00	93.00
51.00	185.00
52.00	247.00
53.00	286.00
54.00	402.00
55.00	529.00
56.00	697.00
57.00	1031.00
58.00	1364.00
59.00	1779.00
60.00	2493.00
61.00	2809.00
62.00	3075.00
63.00	3224.00
64.00	3264.00
65.00	3073.00
66.00	2942.00
67.00	2939.00
68.00	2796.00
69.00	2832.00
70.00	2825.00
71.00	2646.00
72.00	2645.00
73.00	2588.00
74.00	2704.00
75.00	2632.00
76.00	2719.00
77.00	2592.00
78.00	2626.00
79.00	2600.00
80.00	2587.00
81.00	2578.00
82.00	2556.00
83.00	2636.00
84.00	2762.00
85.00	2702.00
86.00	2622.00
87.00	2642.00
88.00	2606.00
89.00	2525.00
90.00	2518.00
91.00	2451.00
92.00	2392.00
93.00	2366.00
94.00	2249.00
95.00	2195.00
96.00	2262.00
97.00	2225.00
98.00	2178.00
99.00	2160.00
100.00	2159.00
101.00	2187.00
102.00	2160.00
103.00	2038.00
104.00	2026.00
105.00	2040.00
106.00	1989.00
107.00	2025.00
108.00	1925.00
109.00	1926.00
110.00	1875.00
111.00	1916.00
112.00	1881.00
113.00	1833.00
114.00	1838.00
115.00	1792.00
116.00	1815.00
117.00	1839.00
118.00	1847.00
119.00	1645.00
120.00	1769.00
121.00	1689.00
122.00	1669.00
123.00	1672.00
124.00	1630.00
125.00	1552.00
126.00	1560.00
127.00	1501.00
128.00	1605.00
129.00	1551.00
130.00	1482.00
131.00	1525.00
132.00	1485.00
133.00	1497.00
134.00	1483.00
135.00	1428.00
136.00	1424.00
137.00	1482.00
138.00	1516.00
139.00	1559.00
140.00	1563.00
141.00	1663.00
142.00	1735.00
143.00	1885.00
144.00	1928.00
145.00	1959.00
146.00	1980.00
147.00	1911.00
148.00	1880.00
149.00	1808.00
150.00	1828.00
151.00	1765.00
152.00	1643.00
153.00	1640.00
154.00	1610.00
155.00	1696.00
156.00	1542.00
157.00	1538.00
158.00	1379.00
159.00	1349.00
160.00	1296.00
161.00	1552.00
162.00	1800.00
163.00	2306.00
164.00	3104.00
165.00	4008.00
166.00	5670.00
167.00	7307.00
168.00	8810.00
169.00	10313.00
170.00	11123.00
171.00	11318.00
172.00	10527.00
173.00	9497.00
174.00	7714.00
175.00	6363.00
176.00	4972.00
177.00	3869.00
178.00	3125.00
179.00	2615.00
180.00	2347.00
181.00	2295.00
182.00	2284.00
183.00	2431.00
184.00	2781.00
185.00	3330.00
186.00	4077.00
187.00	4842.00
188.00	5705.00
189.00	6640.00
190.00	7030.00
191.00	7173.00
192.00	6887.00
193.00	6234.00
194.00	5506.00
195.00	4605.00
196.00	3614.00
197.00	2813.00
198.00	2119.00
199.00	1677.00
200.00	1354.00
201.00	1191.00
202.00	1070.00
203.00	1026.00
204.00	974.00
205.00	1020.00
206.00	998.00
207.00	978.00
208.00	996.00
209.00	1025.00
210.00	1087.00
211.00	1002.00
212.00	1053.00
213.00	1060.00
214.00	1099.00
215.00	1153.00
216.00	1208.00
217.00	1310.00
218.00	1389.00
219.00	1626.00
220.00	1764.00
221.00	1895.00
222.00	2077.00
223.00	2227.00
224.00	2149.00
225.00	2207.00
226.00	2043.00
227.00	1896.00
228.00	1718.00
229.00	1560.00
230.00	1414.00
231.00	1261.00
232.00	1112.00
233.00	1042.00
234.00	924.00
235.00	921.00
236.00	841.00
237.00	868.00
238.00	867.00
239.00	834.00
240.00	881.00
241.00	842.00
242.00	948.00
243.00	919.00
244.00	996.00
245.00	1071.00
246.00	1394.00
247.00	1719.00
248.00	2272.00
249.00	3182.00
250.00	4404.00
251.00	5924.00
252.00	7700.00
253.00	9926.00
254.00	11806.00
255.00	13700.00
256.00	15062.00
257.00	15176.00
258.00	14682.00
259.00	13678.00
260.00	11838.00
261.00	9821.00
262.00	7856.00
263.00	5838.00
264.00	4267.00
265.00	3005.00
266.00	2292.00
267.00	1879.00
268.00	1554.00
269.00	1557.00
270.00	1564.00
271.00	1763.00
272.00	1891.00
273.00	2105.00
274.00	2224.00
275.00	2356.00
276.00	2390.00
277.00	2424.00
278.00	2343.00
279.00	2243.00
280.00	2157.00
281.00	2182.00
282.00	2412.00
283.00	2647.00
284.00	3247.00
285.00	3839.00
286.00	4423.00
287.00	5099.00
288.00	5669.00
289.00	6023.00
290.00	5882.00
291.00	5748.00
292.00	5265.00
293.00	4729.00
294.00	3920.00
295.00	3222.00
296.00	2613.00
297.00	2100.00
298.00	1612.00
299.00	1375.00
300.00	1193.00
301.00	1049.00
302.00	1051.00
303.00	980.00
304.00	1070.00
305.00	1106.00
306.00	1179.00
307.00	1289.00
308.00	1382.00
309.00	1509.00
310.00	1727.00
311.00	1922.00
312.00	2270.00
313.00	2699.00
314.00	3332.00
315.00	4351.00
316.00	5920.00
317.00	7856.00
318.00	10626.00
319.00	13710.00
320.00	17288.00
321.00	20673.00
322.00	23904.00
323.00	26182.00
324.00	27502.00
325.00	27614.00
326.00	26327.00
327.00	23820.00
328.00	20603.00
329.00	16846.00
330.00	13414.00
331.00	10077.00
332.00	7396.00
333.00	5162.00
334.00	3686.00
335.00	2600.00
336.00	1992.00
337.00	1743.00
338.00	1590.00
339.00	1588.00
340.00	1759.00
341.00	1994.00
342.00	2575.00
343.00	3167.00
344.00	4105.00
345.00	5428.00
346.00	7543.00
347.00	10812.00
348.00	15826.00
349.00	23461.00
350.00	35853.00
351.00	54017.00
352.00	79420.00
353.00	115373.00
354.00	160810.00
355.00	217674.00
356.00	283358.00
357.00	352163.00
358.00	420295.00
359.00	478083.00
360.00	520020.00
361.00	538504.00
362.00	534297.00
363.00	504655.00
364.00	454296.00
365.00	391364.00
366.00	321871.00
367.00	252290.00
368.00	189322.00
369.00	135131.00
370.00	93616.00
371.00	61333.00
372.00	38940.00
373.00	23972.00
374.00	15046.00
375.00	9473.00
376.00	6419.00
377.00	5207.00
378.00	4856.00
379.00	5421.00
380.00	6303.00
381.00	8142.00
382.00	10557.00
383.00	14281.00
384.00	19240.00
385.00	25417.00
386.00	33000.00
387.00	41906.00
388.00	51636.00
389.00	60692.00
390.00	69723.00
391.00	76351.00
392.00	80127.00
393.00	80750.00
394.00	78180.00
395.00	72817.00
396.00	64373.00
397.00	55154.00
398.00	45172.00
399.00	35344.00
400.00	26603.00
401.00	19309.00
402.00	13295.00
403.00	9108.00
404.00	6031.00
405.00	3965.00
406.00	2462.00
407.00	1672.00
408.00	1198.00
409.00	910.00
410.00	780.00
411.00	680.00
412.00	667.00
413.00	627.00
414.00	641.00
415.00	627.00
416.00	677.00
417.00	657.00
418.00	695.00
419.00	698.00
420.00	722.00
421.00	637.00
422.00	737.00
423.00	760.00
424.00	838.00
425.00	910.00
426.00	982.00
427.00	1190.00
428.00	1351.00
429.00	1682.00
430.00	2181.00
431.00	2919.00
432.00	3772.00
433.00	4846.00
434.00	6253.00
435.00	7758.00
436.00	9442.00
437.00	10989.00
438.00	12652.00
439.00	13706.00
440.00	14351.00
441.00	14884.00
442.00	14746.00
443.00	13441.00
444.00	12452.00
445.00	10992.00
446.00	9330.00
447.00	7826.00
448.00	6420.00
449.00	5254.00
450.00	4279.00
451.00	3520.00
452.00	3162.00
453.00	2891.00
454.00	2688.00
455.00	2481.00
456.00	2347.00
457.00	2153.00
458.00	2052.00
459.00	1917.00
460.00	1779.00
461.00	1700.00
462.00	1463.00
463.00	1451.00
464.00	1495.00
465.00	1401.00
466.00	1399.00
467.00	1490.00
468.00	1582.00
469.00	1778.00
470.00	1905.00
471.00	2037.00
472.00	2237.00
473.00	2412.00
474.00	2571.00
475.00	2871.00
476.00	3069.00
477.00	3253.00
478.00	3619.00
479.00	3785.00
480.00	3967.00
481.00	4009.00
482.00	4121.00
483.00	4094.00
484.00	4027.00
485.00	3653.00
486.00	3444.00
487.00	3135.00
488.00	2906.00
489.00	2435.00
490.00	2198.00
491.00	1924.00
492.00	1704.00
493.00	1579.00
494.00	1457.00
495.00	1305.00
496.00	1335.00
497.00	1305.00
498.00	1230.00
499.00	1397.00
500.00	1352.00
501.00	1455.00
502.00	1449.00
503.00	1418.00
504.00	1584.00
505.00	1621.00
506.00	1655.00
507.00	1728.00
508.00	1788.00
509.00	1809.00
510.00	1948.00
511.00	1959.00
512.00	2091.00
513.00	2115.00
514.00	2139.00
515.00	2399.00
516.00	2340.00
517.00	2606.00
518.00	2734.00
519.00	2854.00
520.00	3073.00
521.00	3226.00
522.00	3366.00
523.00	3753.00
524.00	3987.00
525.00	4322.00
526.00	4475.00
527.00	4743.00
528.00	4690.00
529.00	4780.00
530.00	4858.00
531.00	4624.00
532.00	4381.00
533.00	4253.00
534.00	3785.00
535.00	3568.00
536.00	3250.00
537.00	3017.00
538.00	2743.00
539.00	2671.00
540.00	2533.00
541.00	2542.00
542.00	2435.00
543.00	2389.00
544.00	2470.00
545.00	2534.00
546.00	2613.00
547.00	2430.00
548.00	2537.00
549.00	2492.00
550.00	2730.00
551.00	2624.00
552.00	2690.00
553.00	2670.00
554.00	2724.00
555.00	2730.00
556.00	2889.00
557.00	2899.00
558.00	2959.00
559.00	2777.00
560.00	3013.00
561.00	3056.00
562.00	3127.00
563.00	3207.00
564.00	3410.00
565.00	3453.00
566.00	3879.00
567.00	4106.00
568.00	4616.00
569.00	4860.00
570.00	5222.00
571.00	5888.00
572.00	6437.00
573.00	6936.00
574.00	7184.00
575.00	7525.00
576.00	7436.00
577.00	7438.00
578.00	7109.00
579.00	6798.00
580.00	6588.00
581.00	5903.00
582.00	5390.00
583.00	4829.00
584.00	4390.00
585.00	3988.00
586.00	3608.00
587.00	3441.00
588.00	2983.00
589.00	2962.00
590.00	2919.00
591.00	2793.00
592.00	2731.00
593.00	2847.00
594.00	2970.00
595.00	2978.00
596.00	3000.00
597.00	3104.00
598.00	3218.00
599.00	3327.00
600.00	3555.00
601.00	3695.00
602.00	3872.00
603.00	4332.00
604.00	4598.00
605.00	5150.00
606.00	5989.00
607.00	7197.00
608.00	9321.00
609.00	12183.00
610.00	16739.00
611.00	23053.00
612.00	31819.00
613.00	43477.00
614.00	59910.00
615.00	80024.00
616.00	104839.00
617.00	134434.00
618.00	168721.00
619.00	205432.00
620.00	242224.00
621.00	278054.00
622.00	310937.00
623.00	336573.00
624.00	353824.00
625.00	361489.00
626.00	357897.00
627.00	345223.00
628.00	322174.00
629.00	291182.00
630.00	257037.00
631.00	220311.00
632.00	182204.00
633.00	147531.00
634.00	116810.00
635.00	89458.00
636.00	66939.00
637.00	49039.00
638.00	35865.00
639.00	25678.00
640.00	18644.00
641.00	13653.00
642.00	10198.00
643.00	8085.00
644.00	6870.00
645.00	6052.00
646.00	5409.00
647.00	5107.00
648.00	4978.00
649.00	5017.00
650.00	4878.00
651.00	4870.00
652.00	4865.00
653.00	4855.00
654.00	5041.00
655.00	4999.00
656.00	4912.00
657.00	5124.00
658.00	5242.00
659.00	5418.00
660.00	5186.00
661.00	5340.00
662.00	5304.00
663.00	5574.00
664.00	5560.00
665.00	5920.00
666.00	5997.00
667.00	6265.00
668.00	6494.00
669.00	6683.00
670.00	7058.00
671.00	7260.00
672.00	7978.00
673.00	8882.00
674.00	9709.00
675.00	11073.00
676.00	12944.00
677.00	14920.00
678.00	18026.00
679.00	21382.00
680.00	25408.00
681.00	30045.00
682.00	34814.00
683.00	40644.00
684.00	46123.00
685.00	51297.00
686.00	55834.00
687.00	58762.00
688.00	61008.00
689.00	62103.00
690.00	61453.00
691.00	58845.00
692.00	55648.00
693.00	51394.00
694.00	45630.00
695.00	40586.00
696.00	34647.00
697.00	28927.00
698.00	24520.00
699.00	20348.00
700.00	16701.00
701.00	13573.00
702.00	11343.00
703.00	9646.00
704.00	8514.00
705.00	7675.00
706.00	6889.00
707.00	6628.00
708.00	6438.00
709.00	6276.00
710.00	6302.00
711.00	6487.00
712.00	6345.00
713.00	6694.00
714.00	6638.00
715.00	6734.00
716.00	6941.00
717.00	7110.00
718.00	7370.00
719.00	7549.00
720.00	7672.00
721.00	8150.00
722.00	8254.00
723.00	8424.00
724.00	8550.00
725.00	8994.00
726.00	9008.00
727.00	9282.00
728.00	9135.00
729.00	9178.00
730.00	9280.00
731.00	9058.00
732.00	9079.00
733.00	8635.00
734.00	8510.00
735.00	8141.00
736.00	8076.00
737.00	7768.00
738.00	7459.00
739.00	7320.00
740.00	7316.00
741.00	6906.00
742.00	7010.00
743.00	6652.00
744.00	6710.00
745.00	6673.00
746.00	6645.00
747.00	6603.00
748.00	6691.00
749.00	6428.00
750.00	6529.00
751.00	6607.00
752.00	6620.00
753.00	6702.00
754.00	6691.00
755.00	6387.00
756.00	6491.00
757.00	6562.00
758.00	6698.00
759.00	6562.00
760.00	6760.00
761.00	6782.00
762.00	6748.00
763.00	6965.00
764.00	6972.00
765.00	7077.00
766.00	7218.00
767.00	7250.00
768.00	7197.00
769.00	7484.00
770.00	7603.00
771.00	7732.00
772.00	7754.00
773.00	7978.00
774.00	8444.00
775.00	8499.00
776.00	8606.00
777.00	9062.00
778.00	9505.00
779.00	9782.00
780.00	9999.00
781.00	10530.00
782.00	10762.00
783.00	11029.00
784.00	11383.00
785.00	11695.00
786.00	12005.00
787.00	12396.00
788.00	12657.00
789.00	12877.00
790.00	12932.00
791.00	13324.00
792.00	13514.00
793.00	13415.00
794.00	13909.00
795.00	13659.00
796.00	13864.00
797.00	14123.00
798.00	14325.00
799.00	14388.00
800.00	14697.00
801.00	14746.00
802.00	14927.00
803.00	15177.00
804.00	15191.00
805.00	15713.00
806.00	16214.00
807.00	16347.00
808.00	17036.00
809.00	17588.00
810.00	18522.00
811.00	19600.00
812.00	20759.00
813.00	21854.00
814.00	22806.00
815.00	23729.00
816.00	24913.00
817.00	25537.00
818.00	26241.00
819.00	26412.00
820.00	26255.00
821.00	25867.00
822.00	25272.00
823.00	24366.00
824.00	22593.00
825.00	21314.00
826.00	20371.00
827.00	18837.00
828.00	17709.00
829.00	16481.00
830.00	15520.00
831.00	14606.00
832.00	13939.00
833.00	13334.00
834.00	12911.00
835.00	12867.00
836.00	12840.00
837.00	12586.00
838.00	12741.00
839.00	12696.00
840.00	12498.00
841.00	12805.00
842.00	12858.00
843.00	13106.00
844.00	12809.00
845.00	12820.00
846.00	12947.00
847.00	12650.00
848.00	12538.00
849.00	12501.00
850.00	12432.00
851.00	12226.00
852.00	12336.00
853.00	12030.00
854.00	12042.00
855.00	12077.00
856.00	12088.00
857.00	11711.00
858.00	11955.00
859.00	11918.00
860.00	12119.00
861.00	11939.00
862.00	11993.00
863.00	11996.00
864.00	12159.00
865.00	11937.00
866.00	12041.00
867.00	12010.00
868.00	12123.00
869.00	12132.00
870.00	12163.00
871.00	12190.00
872.00	12331.00
873.00	12054.00
874.00	12218.00
875.00	12352.00
876.00	12353.00
877.00	12409.00
878.00	12579.00
879.00	12484.00
880.00	12748.00
881.00	12712.00
882.00	12729.00
883.00	12799.00
884.00	12834.00
885.00	13138.00
886.00	13097.00
887.00	13054.00
888.00	13265.00
889.00	13494.00
890.00	13819.00
891.00	13938.00
892.00	14026.00
893.00	14385.00
894.00	14441.00
895.00	14813.00
896.00	14728.00
897.00	15164.00
898.00	15138.00
899.00	15370.00
900.00	15527.00
901.00	15786.00
902.00	16118.00
903.00	16432.00
904.00	16461.00
905.00	16695.00
906.00	16662.00
907.00	16957.00
908.00	17074.00
909.00	17161.00
910.00	17215.00
911.00	17484.00
912.00	17394.00
913.00	17543.00
914.00	17885.00
915.00	17563.00
916.00	17929.00
917.00	17909.00
918.00	18311.00
919.00	18023.00
920.00	18363.00
921.00	18195.00
922.00	18652.00
923.00	18733.00
924.00	18740.00
925.00	18652.00
926.00	18948.00
927.00	19077.00
928.00	19208.00
929.00	19715.00
930.00	20103.00
931.00	20082.00
932.00	20683.00
933.00	20763.00
934.00	21457.00
935.00	21803.00
936.00	22177.00
937.00	22804.00
938.00	23266.00
939.00	23548.00
940.00	24075.00
941.00	24345.00
942.00	24703.00
943.00	24850.00
944.00	24647.00
945.00	24334.00
946.00	24073.00
947.00	23881.00
948.00	23343.00
949.00	22649.00
950.00	22392.00
951.00	21727.00
952.00	21042.00
953.00	20507.00
954.00	20441.00
955.00	19532.00
956.00	19152.00
957.00	18821.00
958.00	18581.00
959.00	18581.00
960.00	18523.00
961.00	18280.00
962.00	18263.00
963.00	18440.00
964.00	18447.00
965.00	18241.00
966.00	18344.00
967.00	18778.00
968.00	18757.00
969.00	18689.00
970.00	18871.00
971.00	19120.00
972.00	18684.00
973.00	18744.00
974.00	18698.00
975.00	18607.00
976.00	18550.00
977.00	18250.00
978.00	17928.00
979.00	17609.00
980.00	17614.00
981.00	17238.00
982.00	17035.00
983.00	16861.00
984.00	16951.00
985.00	16680.00
986.00	16614.00
987.00	16491.00
988.00	16296.00
989.00	16478.00
990.00	16065.00
991.00	16258.00
992.00	16053.00
993.00	16047.00
994.00	15872.00
995.00	16112.00
996.00	16123.00
997.00	15615.00
998.00	16036.00
999.00	15819.00
1000.00	15990.00
1001.00	15847.00
1002.00	15850.00
1003.00	15864.00
1004.00	15928.00
1005.00	16167.00
1006.00	15897.00
1007.00	15851.00
1008.00	15839.00
1009.00	15972.00
1010.00	16040.00
1011.00	15934.00
1012.00	16090.00
1013.00	16041.00
1014.00	15841.00
1015.00	16109.00
1016.00	15907.00
1017.00	16344.00
1018.00	16282.00
1019.00	16376.00
1020.00	16519.00
1021.00	16409.00
1022.00	16702.00
1023.00	16546.00
1024.00	16480.00
1025.00	16433.00
1026.00	16717.00
1027.00	16773.00
1028.00	16782.00
1029.00	17053.00
1030.00	16793.00
1031.00	16873.00
1032.00	16765.00
1033.00	16708.00
1034.00	16760.00
1035.00	17022.00
1036.00	16869.00
1037.00	16596.00
1038.00	16379.00
1039.00	16714.00
1040.00	16840.00
1041.00	16781.00
1042.00	16812.00
1043.00	17004.00
1044.00	16833.00
1045.00	17026.00
1046.00	16777.00
1047.00	17103.00
1048.00	17040.00
1049.00	17167.00
1050.00	17271.00
1051.00	17051.00
1052.00	17250.00
1053.00	17624.00
1054.00	17498.00
1055.00	17408.00
1056.00	17608.00
1057.00	17685.00
1058.00	17628.00
1059.00	17939.00
1060.00	17866.00
1061.00	17879.00
1062.00	17728.00
1063.00	17794.00
1064.00	18082.00
1065.00	17889.00
1066.00	18119.00
1067.00	17992.00
1068.00	18098.00
1069.00	17842.00
1070.00	18132.00
1071.00	17918.00
1072.00	18124.00
1073.00	18095.00
1074.00	18065.00
1075.00	17890.00
1076.00	18121.00
1077.00	18062.00
1078.00	18243.00
1079.00	18165.00
1080.00	18453.00
1081.00	17973.00
1082.00	17990.00
1083.00	18271.00
1084.00	18181.00
1085.00	18310.00
1086.00	18516.00
1087.00	18442.00
1088.00	18574.00
1089.00	18838.00
1090.00	18791.00
1091.00	19125.00
1092.00	19030.00
1093.00	18782.00
1094.00	19085.00
1095.00	19224.00
1096.00	19303.00
1097.00	19524.00
1098.00	19760.00
1099.00	19521.00
1100.00	19565.00
1101.00	19415.00
1102.00	19972.00
1103.00	19650.00
1104.00	19640.00
1105.00	19661.00
1106.00	19340.00
1107.00	19465.00
1108.00	19210.00
1109.00	19531.00
1110.00	19302.00
1111.00	19110.00
1112.00	18858.00
1113.00	19214.00
1114.00	19220.00
1115.00	19285.00
1116.00	19250.00
1117.00	19076.00
1118.00	19026.00
1119.00	19152.00
1120.00	19151.00
1121.00	19260.00
1122.00	19124.00
1123.00	19258.00
1124.00	19229.00
1125.00	19089.00
1126.00	19140.00
1127.00	19190.00
1128.00	19270.00
1129.00	19332.00
1130.00	19511.00
1131.00	19184.00
1132.00	19272.00
1133.00	19134.00
1134.00	19154.00
1135.00	19388.00
1136.00	19202.00
1137.00	19506.00
1138.00	19569.00
1139.00	19388.00
1140.00	19531.00
1141.00	19159.00
1142.00	19587.00
1143.00	19371.00
1144.00	19521.00
1145.00	19693.00
1146.00	19635.00
1147.00	19844.00
1148.00	19693.00
1149.00	20068.00
1150.00	20271.00
1151.00	20518.00
1152.00	20960.00
1153.00	21087.00
1154.00	21526.00
1155.00	21703.00
1156.00	22034.00
1157.00	22655.00
1158.00	22649.00
1159.00	22820.00
1160.00	22849.00
1161.00	22873.00
1162.00	23079.00
1163.00	23011.00
1164.00	22872.00
1165.00	22635.00
1166.00	22700.00
1167.00	22342.00
1168.00	21952.00
1169.00	21801.00
1170.00	21821.00
1171.00	21220.00
1172.00	20688.00
1173.00	20564.00
1174.00	20332.00
1175.00	20017.00
1176.00	19978.00
1177.00	19743.00
1178.00	19736.00
1179.00	19603.00
1180.00	19354.00
1181.00	19511.00
1182.00	19437.00
1183.00	19279.00
1184.00	19353.00
1185.00	19490.00
1186.00	19507.00
1187.00	19487.00
1188.00	19339.00
1189.00	19296.00
1190.00	19327.00
1191.00	19144.00
1192.00	19415.00
1193.00	19279.00
1194.00	19465.00
1195.00	19486.00
1196.00	19088.00
1197.00	19536.00
1198.00	19447.00
1199.00	19523.00
1200.00	19959.00
1201.00	19731.00
1202.00	19649.00
1203.00	19487.00
1204.00	19768.00
1205.00	19685.00
1206.00	19937.00
1207.00	20053.00
1208.00	20075.00
1209.00	19927.00
1210.00	19768.00
1211.00	19683.00
1212.00	20131.00
1213.00	20089.00
1214.00	20080.00
1215.00	20101.00
1216.00	20179.00
1217.00	20128.00
1218.00	20271.00
1219.00	20121.00
1220.00	20058.00
1221.00	20368.00
1222.00	20134.00
1223.00	20264.00
1224.00	20395.00
1225.00	20543.00
1226.00	20334.00
1227.00	20341.00
1228.00	20148.00
1229.00	20406.00
1230.00	20693.00
1231.00	20586.00
1232.00	20463.00
1233.00	20557.00
1234.00	20320.00
1235.00	20495.00
1236.00	20534.00
1237.00	20401.00
1238.00	20374.00
1239.00	20385.00
1240.00	20571.00
1241.00	20675.00
1242.00	20567.00
1243.00	20766.00
1244.00	20637.00
1245.00	20589.00
1246.00	20870.00
1247.00	20597.00
1248.00	20795.00
1249.00	20675.00
1250.00	20344.00
1251.00	20785.00
1252.00	20547.00
1253.00	20581.00
1254.00	20442.00
1255.00	20653.00
1256.00	20781.00
1257.00	20554.00
1258.00	20706.00
1259.00	20962.00
1260.00	20669.00
1261.00	20601.00
1262.00	20795.00
1263.00	20670.00
1264.00	20820.00
1265.00	20758.00
1266.00	21000.00
1267.00	20842.00
1268.00	20829.00
1269.00	20787.00
1270.00	20967.00
1271.00	20964.00
1272.00	20647.00
1273.00	20933.00
1274.00	21065.00
1275.00	21017.00
1276.00	21075.00
1277.00	21067.00
1278.00	20953.00
1279.00	21014.00
1280.00	21214.00
1281.00	20957.00
1282.00	21091.00
1283.00	21248.00
1284.00	21396.00
1285.00	21180.00
1286.00	21678.00
1287.00	21879.00
1288.00	21863.00
1289.00	22217.00
1290.00	22299.00
1291.00	22794.00
1292.00	22911.00
1293.00	23272.00
1294.00	23455.00
1295.00	23670.00
1296.00	24240.00
1297.00	24769.00
1298.00	24729.00
1299.00	25077.00
1300.00	25277.00
1301.00	25318.00
1302.00	25403.00
1303.00	25385.00
1304.00	25577.00
1305.00	25596.00
1306.00	25230.00
1307.00	25254.00
1308.00	24997.00
1309.00	24981.00
1310.00	24879.00
1311.00	24380.00
1312.00	24113.00
1313.00	24085.00
1314.00	23540.00
1315.00	23165.00
1316.00	23036.00
1317.00	22963.00
1318.00	22783.00
1319.00	22438.00
1320.00	22180.00
1321.00	22167.00
1322.00	21903.00
1323.00	21935.00
1324.00	21766.00
1325.00	21571.00
1326.00	21785.00
1327.00	21510.00
1328.00	21465.00
1329.00	21618.00
1330.00	21634.00
1331.00	21702.00
1332.00	21553.00
1333.00	21439.00
1334.00	21796.00
1335.00	21811.00
1336.00	21337.00
1337.00	21460.00
1338.00	21339.00
1339.00	21598.00
1340.00	21544.00
1341.00	21634.00
1342.00	21658.00
1343.00	21787.00
1344.00	21466.00
1345.00	21425.00
1346.00	21730.00
1347.00	21783.00
1348.00	21990.00
1349.00	21684.00
1350.00	22011.00
1351.00	21947.00
1352.00	22007.00
1353.00	22201.00
1354.00	22366.00
1355.00	22359.00
1356.00	22879.00
1357.00	23071.00
1358.00	23452.00
1359.00	23921.00
1360.00	24933.00
1361.00	25787.00
1362.00	26880.00
1363.00	28078.00
1364.00	28942.00
1365.00	30807.00
1366.00	32205.00
1367.00	34317.00
1368.00	36332.00
1369.00	38564.00
1370.00	40434.00
1371.00	43062.00
1372.00	45255.00
1373.00	47692.00
1374.00	49025.00
1375.00	51047.00
1376.00	53039.00
1377.00	54080.00
1378.00	54447.00
1379.00	55063.00
1380.00	55323.00
1381.00	54116.00
1382.00	54018.00
1383.00	53026.00
1384.00	51179.00
1385.00	49070.00
1386.00	46911.00
1387.00	44604.00
1388.00	42466.00
1389.00	39793.00
1390.00	37337.00
1391.00	35244.00
1392.00	33253.00
1393.00	31185.00
1394.00	29379.00
1395.00	27908.00
1396.00	26812.00
1397.00	25462.00
1398.00	24685.00
1399.00	23515.00
1400.00	23068.00
1401.00	22512.00
1402.00	22249.00
1403.00	21742.00
1404.00	21662.00
1405.00	21310.00
1406.00	21410.00
1407.00	20989.00
1408.00	20988.00
1409.00	20987.00
1410.00	21110.00
1411.00	20913.00
1412.00	20930.00
1413.00	20989.00
1414.00	20784.00
1415.00	21164.00
1416.00	21107.00
1417.00	20802.00
1418.00	21041.00
1419.00	20683.00
1420.00	21199.00
1421.00	21142.00
1422.00	20743.00
1423.00	20818.00
1424.00	20870.00
1425.00	20944.00
1426.00	20910.00
1427.00	20893.00
1428.00	20863.00
1429.00	20995.00
1430.00	20900.00
1431.00	20740.00
1432.00	20744.00
1433.00	20823.00
1434.00	21078.00
1435.00	21035.00
1436.00	21131.00
1437.00	21084.00
1438.00	21075.00
1439.00	20939.00
1440.00	21094.00
1441.00	21234.00
1442.00	21299.00
1443.00	21282.00
1444.00	21397.00
1445.00	21555.00
1446.00	21875.00
1447.00	21838.00
1448.00	21902.00
1449.00	22056.00
1450.00	21989.00
1451.00	22291.00
1452.00	22287.00
1453.00	22411.00
1454.00	22463.00
1455.00	22435.00
1456.00	22548.00
1457.00	22632.00
1458.00	22588.00
1459.00	22512.00
1460.00	22883.00
1461.00	22658.00
1462.00	22673.00
1463.00	22598.00
1464.00	22281.00
1465.00	22342.00
1466.00	22056.00
1467.00	22083.00
1468.00	21906.00
1469.00	21869.00
1470.00	21912.00
1471.00	21863.00
1472.00	21915.00
1473.00	21951.00
1474.00	21598.00
1475.00	21661.00
1476.00	21757.00
1477.00	21414.00
1478.00	21544.00
1479.00	21758.00
1480.00	21377.00
1481.00	21726.00
1482.00	21807.00
1483.00	21733.00
1484.00	21704.00
1485.00	21717.00
1486.00	21784.00
1487.00	21779.00
1488.00	21750.00
1489.00	21980.00
1490.00	21851.00
1491.00	21923.00
1492.00	21661.00
1493.00	22042.00
1494.00	22018.00
1495.00	22250.00
1496.00	21705.00
1497.00	22038.00
1498.00	21703.00
1499.00	22207.00
1500.00	22262.00
1501.00	22144.00
1502.00	21844.00
1503.00	22280.00
1504.00	22608.00
1505.00	22436.00
1506.00	22699.00
1507.00	22504.00
1508.00	22540.00
1509.00	22549.00
1510.00	22973.00
1511.00	23082.00
1512.00	23161.00
1513.00	23072.00
1514.00	23637.00
1515.00	23645.00
1516.00	23696.00
1517.00	24119.00
1518.00	24486.00
1519.00	24742.00
1520.00	25034.00
1521.00	25527.00
1522.00	26019.00
1523.00	26575.00
1524.00	26739.00
1525.00	27487.00
1526.00	28259.00
1527.00	28769.00
1528.00	29299.00
1529.00	29777.00
1530.00	30655.00
1531.00	31327.00
1532.00	31921.00
1533.00	32437.00
1534.00	33358.00
1535.00	33820.00
1536.00	34527.00
1537.00	35004.00
1538.00	35149.00
1539.00	35728.00
1540.00	35268.00
1541.00	35708.00
1542.00	36204.00
1543.00	35952.00
1544.00	35905.00
1545.00	35428.00
1546.00	35284.00
1547.00	34987.00
1548.00	34089.00
1549.00	34155.00
1550.00	33940.00
1551.00	32964.00
1552.00	32893.00
1553.00	32268.00
1554.00	32174.00
1555.00	31968.00
1556.00	32258.00
1557.00	32138.00
1558.00	31969.00
1559.00	32151.00
1560.00	32622.00
1561.00	32871.00
1562.00	33191.00
1563.00	33676.00
1564.00	34090.00
1565.00	34900.00
1566.00	35165.00
1567.00	35879.00
1568.00	37115.00
1569.00	37590.00
1570.00	38382.00
1571.00	39683.00
1572.00	40561.00
1573.00	40728.00
1574.00	42192.00
1575.00	43281.00
1576.00	44686.00
1577.00	45231.00
1578.00	46830.00
1579.00	47661.00
1580.00	49356.00
1581.00	50753.00
1582.00	52241.00
1583.00	53565.00
1584.00	55539.00
1585.00	56510.00
1586.00	58084.00
1587.00	59668.00
1588.00	61278.00
1589.00	62485.00
1590.00	64221.00
1591.00	66204.00
1592.00	67415.00
1593.00	68725.00
1594.00	69883.00
1595.00	71356.00
1596.00	72286.00
1597.00	73632.00
1598.00	74620.00
1599.00	75026.00
1600.00	76406.00
1601.00	77688.00
1602.00	78160.00
1603.00	78342.00
1604.00	79348.00
1605.00	79267.00
1606.00	79459.00
1607.00	79735.00
1608.00	79613.00
1609.00	79806.00
1610.00	78577.00
1611.00	78363.00
1612.00	78293.00
1613.00	77526.00
1614.00	76769.00
1615.00	75342.00
1616.00	74895.00
1617.00	73478.00
1618.00	72757.00
1619.00	71727.00
1620.00	69531.00
1621.00	68766.00
1622.00	67716.00
1623.00	66174.00
1624.00	64712.00
1625.00	63120.00
1626.00	61680.00
1627.00	60178.00
1628.00	57947.00
1629.00	56841.00
1630.00	55715.00
1631.00	53922.00
1632.00	52219.00
1633.00	51184.00
1634.00	49503.00
1635.00	47921.00
1636.00	46500.00
1637.00	45251.00
1638.00	44199.00
1639.00	42840.00
1640.00	41616.00
1641.00	40600.00
1642.00	39285.00
1643.00	38432.00
1644.00	37306.00
1645.00	36139.00
1646.00	34925.00
1647.00	34446.00
1648.00	33362.00
1649.00	32702.00
1650.00	31766.00
1651.00	30904.00
1652.00	30613.00
1653.00	29667.00
1654.00	29161.00
1655.00	28401.00
1656.00	27907.00
1657.00	27523.00
1658.00	26658.00
1659.00	26364.00
1660.00	25926.00
1661.00	25541.00
1662.00	25018.00
1663.00	25277.00
1664.00	24383.00
1665.00	24384.00
1666.00	24077.00
1667.00	23640.00
1668.00	23793.00
1669.00	23466.00
1670.00	23122.00
1671.00	23339.00
1672.00	23072.00
1673.00	23634.00
1674.00	23434.00
1675.00	23723.00
1676.00	24226.00
1677.00	24459.00
1678.00	25257.00
1679.00	26020.00
1680.00	26899.00
1681.00	27910.00
1682.00	29463.00
1683.00	30413.00
1684.00	32493.00
1685.00	34075.00
1686.00	35865.00
1687.00	38085.00
1688.00	40484.00
1689.00	42359.00
1690.00	44495.00
1691.00	46998.00
1692.00	49412.00
1693.00	51734.00
1694.00	53490.00
1695.00	56076.00
1696.00	57819.00
1697.00	59588.00
1698.00	61051.00
1699.00	61836.00
1700.00	62685.00
1701.00	62501.00
1702.00	62830.00
1703.00	61908.00
1704.00	61466.00
1705.00	60138.00
1706.00	58527.00
1707.00	55524.00
1708.00	54449.00
1709.00	51422.00
1710.00	49513.00
1711.00	46606.00
1712.00	43937.00
1713.00	41228.00
1714.00	38411.00
1715.00	35826.00
1716.00	33445.00
1717.00	31321.00
1718.00	29282.00
1719.00	27934.00
1720.00	25603.00
1721.00	24488.00
1722.00	23139.00
1723.00	22313.00
1724.00	21071.00
1725.00	20514.00
1726.00	20027.00
1727.00	19502.00
1728.00	19086.00
1729.00	19061.00
1730.00	18464.00
1731.00	18077.00
1732.00	18072.00
1733.00	17918.00
1734.00	18060.00
1735.00	17863.00
1736.00	17909.00
1737.00	17728.00
1738.00	17538.00
1739.00	17581.00
1740.00	17311.00
1741.00	17734.00
1742.00	17725.00
1743.00	17840.00
1744.00	17807.00
1745.00	17885.00
1746.00	18154.00
1747.00	17874.00
1748.00	17984.00
1749.00	18056.00
1750.00	17890.00
1751.00	18079.00
1752.00	18260.00
1753.00	18501.00
1754.00	18476.00
1755.00	18620.00
1756.00	18797.00
1757.00	18736.00
1758.00	18992.00
1759.00	19259.00
1760.00	19358.00
1761.00	19426.00
1762.00	19810.00
1763.00	19590.00
1764.00	19942.00
1765.00	20168.00
1766.00	20251.00
1767.00	20733.00
1768.00	20913.00
1769.00	20940.00
1770.00	21011.00
1771.00	21463.00
1772.00	21659.00
1773.00	21784.00
1774.00	22025.00
1775.00	22301.00
1776.00	22467.00
1777.00	22558.00
1778.00	22874.00
1779.00	22863.00
1780.00	22950.00
1781.00	23549.00
1782.00	23500.00
1783.00	23462.00
1784.00	23773.00
1785.00	24017.00
1786.00	24078.00
1787.00	23962.00
1788.00	23999.00
1789.00	24144.00
1790.00	24022.00
1791.00	24031.00
1792.00	24237.00
1793.00	24429.00
1794.00	24187.00
1795.00	24140.00
1796.00	24001.00
1797.00	23872.00
1798.00	23820.00
1799.00	23572.00
1800.00	23524.00
1801.00	23551.00
1802.00	23278.00
1803.00	23324.00
1804.00	23065.00
1805.00	22819.00
1806.00	22392.00
1807.00	22430.00
1808.00	21995.00
1809.00	21789.00
1810.00	21414.00
1811.00	21437.00
1812.00	20999.00
1813.00	20496.00
1814.00	20360.00
1815.00	20278.00
1816.00	20000.00
1817.00	19665.00
1818.00	19314.00
1819.00	18871.00
1820.00	18689.00
1821.00	18654.00
1822.00	18094.00
1823.00	18212.00
1824.00	17670.00
1825.00	17511.00
1826.00	16696.00
1827.00	16622.00
1828.00	16531.00
1829.00	16028.00
1830.00	16037.00
1831.00	15747.00
1832.00	15369.00
1833.00	15118.00
1834.00	14926.00
1835.00	14713.00
1836.00	14476.00
1837.00	14108.00
1838.00	14066.00
1839.00	13726.00
1840.00	13668.00
1841.00	13463.00
1842.00	13241.00
1843.00	13093.00
1844.00	12837.00
1845.00	12708.00
1846.00	12361.00
1847.00	12437.00
1848.00	12111.00
1849.00	12082.00
1850.00	11975.00
1851.00	11756.00
1852.00	11380.00
1853.00	11243.00
1854.00	11188.00
1855.00	11070.00
1856.00	11076.00
1857.00	10804.00
1858.00	10712.00
1859.00	10605.00
1860.00	10587.00
1861.00	10412.00
1862.00	10246.00
1863.00	10102.00
1864.00	9909.00
1865.00	10209.00
1866.00	9663.00
1867.00	9639.00
1868.00	9714.00
1869.00	9639.00
1870.00	9329.00
1871.00	9603.00
1872.00	9420.00
1873.00	9169.00
1874.00	9152.00
1875.00	9254.00
1876.00	9213.00
1877.00	9036.00
1878.00	9167.00
1879.00	8830.00
1880.00	8878.00
1881.00	8897.00
1882.00	9139.00
1883.00	8874.00
1884.00	8846.00
1885.00	8707.00
1886.00	8942.00
1887.00	8870.00
1888.00	8896.00
1889.00	8983.00
1890.00	9045.00
1891.00	8977.00
1892.00	9292.00
1893.00	9440.00
1894.00	9520.00
1895.00	9855.00
1896.00	10079.00
1897.00	10272.00
1898.00	10519.00
1899.00	11011.00
1900.00	11307.00
1901.00	11634.00
1902.00	11989.00
1903.00	12364.00
1904.00	12502.00
1905.00	12830.00
1906.00	13173.00
1907.00	13359.00
1908.00	13556.00
1909.00	13824.00
1910.00	13887.00
1911.00	13758.00
1912.00	13847.00
1913.00	13727.00
1914.00	13509.00
1915.00	13230.00
1916.00	13009.00
1917.00	12677.00
1918.00	12226.00
1919.00	11984.00
1920.00	11526.00
1921.00	11237.00
1922.00	10667.00
1923.00	10272.00
1924.00	10122.00
1925.00	9672.00
1926.00	9247.00
1927.00	9168.00
1928.00	8973.00
1929.00	8787.00
1930.00	8348.00
1931.00	8333.00
1932.00	8260.00
1933.00	8207.00
1934.00	7910.00
1935.00	7948.00
1936.00	8073.00
1937.00	8118.00
1938.00	7925.00
1939.00	7980.00
1940.00	7945.00
1941.00	7964.00
1942.00	8002.00
1943.00	8032.00
1944.00	7912.00
1945.00	8048.00
1946.00	7960.00
1947.00	7727.00
1948.00	7828.00
1949.00	7946.00
1950.00	7527.00
1951.00	7475.00
1952.00	7402.00
1953.00	7379.00
1954.00	7081.00
1955.00	7089.00
1956.00	7270.00
1957.00	7049.00
1958.00	6849.00
1959.00	6893.00
1960.00	6633.00
1961.00	6554.00
1962.00	6417.00
1963.00	6396.00
1964.00	6392.00
1965.00	6287.00
1966.00	6344.00
1967.00	6405.00
1968.00	6406.00
1969.00	6157.00
1970.00	6123.00
1971.00	6293.00
1972.00	6293.00
1973.00	6288.00
1974.00	6187.00
1975.00	6085.00
1976.00	6250.00
1977.00	6112.00
1978.00	6115.00
1979.00	6136.00
1980.00	6130.00
1981.00	6126.00
1982.00	6062.00
1983.00	6162.00
1984.00	6103.00
1985.00	6142.00
1986.00	6015.00
1987.00	6153.00
1988.00	5945.00
1989.00	6054.00
1990.00	5958.00
1991.00	6014.00
1992.00	6106.00
1993.00	6143.00
1994.00	6004.00
1995.00	5991.00
1996.00	5965.00
1997.00	5986.00
1998.00	6022.00
1999.00	5927.00
2000.00	5996.00
2001.00	5990.00
2002.00	6067.00
2003.00	5980.00
2004.00	5896.00
2005.00	5959.00
2006.00	6064.00
2007.00	6004.00
2008.00	5921.00
2009.00	6048.00
2010.00	5851.00
2011.00	5857.00
2012.00	5821.00
2013.00	5956.00
2014.00	5907.00
2015.00	5950.00
2016.00	5954.00
2017.00	5958.00
2018.00	5868.00
2019.00	5840.00
2020.00	5779.00
2021.00	5895.00
2022.00	5771.00
2023.00	5741.00
2024.00	5789.00
2025.00	5743.00
2026.00	5911.00
2027.00	5811.00
2028.00	5761.00
2029.00	5821.00
2030.00	5723.00
2031.00	5771.00
2032.00	5745.00
2033.00	5761.00
2034.00	5690.00
2035.00	5649.00
2036.00	5639.00
2037.00	5772.00
2038.00	5662.00
2039.00	5548.00
2040.00	5614.00
2041.00	5665.00
2042.00	5628.00
2043.00	5743.00
2044.00	5695.00
2045.00	5654.00
2046.00	5561.00
2047.00	5735.00
2048.00	 0.00
